# WIMP coupled to nu. With m = 7.0, g = 2, SPIN = F, and BR to other = 2.50E-01
# Neff        = 3.15404     
# Tgam/Tnu    = 1.38359     
#T_gamma (MeV)T_gam/T_nu   R_tot/T_gam^4 P_tot/T_gam^4
1.0000000E+04  1.0         4.0862541E+00  1.3512714E+00
9.7404552E+03  1.0         4.0850579E+00  1.3503999E+00
9.4876810E+03  1.0         4.0837967E+00  1.3494904E+00
9.2415027E+03  1.0         4.0824673E+00  1.3485419E+00
9.0017501E+03  1.0         4.0810660E+00  1.3475530E+00
8.7682573E+03  1.0         4.0795895E+00  1.3465226E+00
8.5408625E+03  1.0         4.0780337E+00  1.3454492E+00
8.3194082E+03  1.0         4.0763950E+00  1.3443317E+00
8.1037406E+03  1.0         4.0746691E+00  1.3431687E+00
7.8937102E+03  1.0         4.0728519E+00  1.3419591E+00
7.6891710E+03  1.0         4.0709390E+00  1.3407015E+00
7.4899810E+03  1.0         4.0689259E+00  1.3393949E+00
7.2960015E+03  1.0         4.0668080E+00  1.3380379E+00
7.1070975E+03  1.0         4.0645804E+00  1.3366295E+00
6.9231375E+03  1.0         4.0622382E+00  1.3351686E+00
6.7439932E+03  1.0         4.0597764E+00  1.3336540E+00
6.5695395E+03  1.0         4.0571898E+00  1.3320849E+00
6.3996548E+03  1.0         4.0544730E+00  1.3304602E+00
6.2342202E+03  1.0         4.0516207E+00  1.3287792E+00
6.0731201E+03  1.0         4.0486274E+00  1.3270410E+00
5.9162417E+03  1.0         4.0454876E+00  1.3252450E+00
5.7634750E+03  1.0         4.0421956E+00  1.3233906E+00
5.6147130E+03  1.0         4.0387457E+00  1.3214773E+00
5.4698509E+03  1.0         4.0351324E+00  1.3195047E+00
5.3287874E+03  1.0         4.0313500E+00  1.3174726E+00
5.1914229E+03  1.0         4.0273928E+00  1.3153810E+00
5.0576608E+03  1.0         4.0232553E+00  1.3132299E+00
4.9274068E+03  1.0         4.0189321E+00  1.3110194E+00
4.8005689E+03  1.0         4.0144179E+00  1.3087500E+00
4.6770573E+03  1.0         4.0097075E+00  1.3064223E+00
4.5567848E+03  1.0         4.0047959E+00  1.3040368E+00
4.4396660E+03  1.0         3.9996786E+00  1.3015946E+00
4.3256178E+03  1.0         3.9943511E+00  1.2990968E+00
4.2145591E+03  1.0         3.9888094E+00  1.2965447E+00
4.1064110E+03  1.0         3.9830499E+00  1.2939397E+00
4.0010961E+03  1.0         3.9770693E+00  1.2912837E+00
3.8985397E+03  1.0         3.9708651E+00  1.2885786E+00
3.7986681E+03  1.0         3.9644350E+00  1.2858264E+00
3.7014096E+03  1.0         3.9577776E+00  1.2830297E+00
3.6066948E+03  1.0         3.9508919E+00  1.2801909E+00
3.5144556E+03  1.0         3.9437778E+00  1.2773130E+00
3.4246256E+03  1.0         3.9364359E+00  1.2743989E+00
3.3371402E+03  1.0         3.9288677E+00  1.2714518E+00
3.2519361E+03  1.0         3.9210755E+00  1.2684751E+00
3.1689520E+03  1.0         3.9130625E+00  1.2654724E+00
3.0881276E+03  1.0         3.9048328E+00  1.2624476E+00
3.0094047E+03  1.0         3.8963917E+00  1.2594046E+00
2.9327260E+03  1.0         3.8877454E+00  1.2563473E+00
2.8580360E+03  1.0         3.8789012E+00  1.2532802E+00
2.7852805E+03  1.0         3.8698674E+00  1.2502074E+00
2.7144066E+03  1.0         3.8606535E+00  1.2471334E+00
2.6453629E+03  1.0         3.8512700E+00  1.2440628E+00
2.5780995E+03  0.999999    3.8417288E+00  1.2410000E+00
2.5125672E+03  0.999999    3.8320425E+00  1.2379496E+00
2.4487189E+03  0.999999    3.8222250E+00  1.2349163E+00
2.3865080E+03  0.999999    3.8122913E+00  1.2319045E+00
2.3258896E+03  0.999999    3.8022571E+00  1.2289188E+00
2.2668201E+03  0.999999    3.7921395E+00  1.2259635E+00
2.2092565E+03  0.999999    3.7819558E+00  1.2230429E+00
2.1531578E+03  0.999999    3.7717251E+00  1.2201612E+00
2.0984839E+03  0.999999    3.7614663E+00  1.2173223E+00
2.0451955E+03  0.999999    3.7511994E+00  1.2145301E+00
1.9932550E+03  0.999999    3.7409448E+00  1.2117880E+00
1.9426254E+03  0.999999    3.7307233E+00  1.2090994E+00
1.8932712E+03  0.999998    3.7205560E+00  1.2064672E+00
1.8451578E+03  0.999998    3.7104641E+00  1.2038941E+00
1.7982517E+03  0.999998    3.7004686E+00  1.2013825E+00
1.7525206E+03  0.999998    3.6905906E+00  1.1989343E+00
1.7079330E+03  0.999998    3.6808506E+00  1.1965511E+00
1.6644585E+03  0.999997    3.6712692E+00  1.1942343E+00
1.6220681E+03  0.999997    3.6618648E+00  1.1919844E+00
1.5807331E+03  0.999997    3.6526569E+00  1.1898020E+00
1.5404262E+03  0.999996    3.6436627E+00  1.1876869E+00
1.5011209E+03  0.999996    3.6348986E+00  1.1856386E+00
1.4627916E+03  0.999995    3.6263795E+00  1.1836562E+00
1.4254137E+03  0.999995    3.6181190E+00  1.1817382E+00
1.3889632E+03  0.999994    3.6101288E+00  1.1798829E+00
1.3534172E+03  0.999993    3.6024190E+00  1.1780879E+00
1.3187534E+03  0.999992    3.5949976E+00  1.1763506E+00
1.2849503E+03  0.999991    3.5878707E+00  1.1746679E+00
1.2519872E+03  0.99999     3.5810420E+00  1.1730361E+00
1.2198440E+03  0.999989    3.5745141E+00  1.1714516E+00
1.1885012E+03  0.999988    3.5682859E+00  1.1699101E+00
1.1579401E+03  0.999986    3.5623549E+00  1.1684071E+00
1.1281424E+03  0.999985    3.5567161E+00  1.1669378E+00
1.0990906E+03  0.999983    3.5513624E+00  1.1654969E+00
1.0707675E+03  0.999982    3.5462835E+00  1.1640789E+00
1.0431565E+03  0.999981    3.5414677E+00  1.1626782E+00
1.0162415E+03  0.99998     3.5369001E+00  1.1612885E+00
9.9000686E+02  0.999981    3.5325627E+00  1.1599030E+00
9.6443747E+02  0.999983    3.5284346E+00  1.1585144E+00
9.3951869E+02  0.999988    3.5244898E+00  1.1571142E+00
9.1523639E+02  0.999999    3.5206986E+00  1.1556930E+00
8.9157699E+02  1.000016    3.5170250E+00  1.1542398E+00
8.6852758E+02  1.000044    3.5134243E+00  1.1527407E+00
8.4607581E+02  1.000088    3.5098442E+00  1.1511801E+00
8.2420984E+02  1.000153    3.5062245E+00  1.1495396E+00
8.0291838E+02  1.000246    3.5024959E+00  1.1477981E+00
7.8219039E+02  1.000375    3.4985845E+00  1.1459332E+00
7.6201490E+02  1.000548    3.4944144E+00  1.1439219E+00
7.4238064E+02  1.000773    3.4899154E+00  1.1417431E+00
7.2327582E+02  1.001055    3.4850280E+00  1.1393794E+00
7.0468816E+02  1.0014      3.4797044E+00  1.1368173E+00
6.8660476E+02  1.001809    3.4739135E+00  1.1340488E+00
6.6901226E+02  1.002283    3.4676384E+00  1.1310704E+00
6.5189710E+02  1.002821    3.4608742E+00  1.1278828E+00
6.3524575E+02  1.003419    3.4536234E+00  1.1244889E+00
6.1904488E+02  1.004076    3.4458928E+00  1.1208932E+00
6.0328157E+02  1.004789    3.4376892E+00  1.1170999E+00
5.8794335E+02  1.005555    3.4290178E+00  1.1131127E+00
5.7301827E+02  1.006373    3.4198806E+00  1.1089343E+00
5.5849489E+02  1.007242    3.4102762E+00  1.1045660E+00
5.4436222E+02  1.008161    3.4001994E+00  1.1000080E+00
5.3060970E+02  1.00913     3.3896422E+00  1.0952594E+00
5.1722715E+02  1.01015     3.3785940E+00  1.0903188E+00
5.0420475E+02  1.011222    3.3670425E+00  1.0851838E+00
4.9153297E+02  1.012348    3.3549738E+00  1.0798519E+00
4.7920256E+02  1.013528    3.3423736E+00  1.0743202E+00
4.6720452E+02  1.014765    3.3292266E+00  1.0685860E+00
4.5553013E+02  1.01606     3.3155177E+00  1.0626464E+00
4.4417086E+02  1.017416    3.3012317E+00  1.0564988E+00
4.3311841E+02  1.018834    3.2863537E+00  1.0501406E+00
4.2236470E+02  1.020318    3.2708691E+00  1.0435696E+00
4.1190184E+02  1.021868    3.2547637E+00  1.0367841E+00
4.0172212E+02  1.023488    3.2380243E+00  1.0297825E+00
3.9181804E+02  1.025179    3.2206380E+00  1.0225637E+00
3.8218228E+02  1.026945    3.2025931E+00  1.0151270E+00
3.7280768E+02  1.028787    3.1838788E+00  1.0074724E+00
3.6368725E+02  1.030708    3.1644852E+00  9.9960009E-01
3.5481419E+02  1.03271     3.1444038E+00  9.9151103E-01
3.4618184E+02  1.034796    3.1236272E+00  9.8320669E-01
3.3778368E+02  1.036968    3.1021497E+00  9.7468910E-01
3.2961339E+02  1.039229    3.0799668E+00  9.6596093E-01
3.2166474E+02  1.041581    3.0570758E+00  9.5702548E-01
3.1393168E+02  1.044026    3.0334756E+00  9.4788668E-01
3.0640829E+02  1.046566    3.0091669E+00  9.3854914E-01
2.9908878E+02  1.049205    2.9841525E+00  9.2901811E-01
2.9196748E+02  1.051943    2.9584368E+00  9.1929950E-01
2.8503888E+02  1.054783    2.9320266E+00  9.0939993E-01
2.7829756E+02  1.057727    2.9049305E+00  8.9932662E-01
2.7173824E+02  1.060777    2.8771594E+00  8.8908751E-01
2.6535575E+02  1.063935    2.8487265E+00  8.7869113E-01
2.5914506E+02  1.067203    2.8196469E+00  8.6814665E-01
2.5310121E+02  1.070581    2.7899383E+00  8.5746384E-01
2.4721938E+02  1.074072    2.7596202E+00  8.4665305E-01
2.4149486E+02  1.077677    2.7287146E+00  8.3572518E-01
2.3592304E+02  1.081397    2.6972457E+00  8.2469162E-01
2.3049940E+02  1.085233    2.6652397E+00  8.1356426E-01
2.2521955E+02  1.089185    2.6327250E+00  8.0235540E-01
2.2007918E+02  1.093255    2.5997319E+00  7.9107775E-01
2.1507409E+02  1.097442    2.5662928E+00  7.7974435E-01
2.1020016E+02  1.101747    2.5324417E+00  7.6836854E-01
2.0545338E+02  1.10617     2.4982145E+00  7.5696389E-01
2.0082984E+02  1.11071     2.4636487E+00  7.4554419E-01
1.9632570E+02  1.115366    2.4287832E+00  7.3412334E-01
1.9193723E+02  1.120138    2.3936584E+00  7.2271532E-01
1.8766079E+02  1.125025    2.3583158E+00  7.1133416E-01
1.8349281E+02  1.130025    2.3227979E+00  6.9999386E-01
1.7942983E+02  1.135136    2.2871482E+00  6.8870835E-01
1.7546846E+02  1.140355    2.2514110E+00  6.7749140E-01
1.7160539E+02  1.145682    2.2156310E+00  6.6635665E-01
1.6783741E+02  1.151111    2.1798535E+00  6.5531747E-01
1.6416139E+02  1.15664     2.1441240E+00  6.4438700E-01
1.6057426E+02  1.162266    2.1084881E+00  6.3357804E-01
1.5707306E+02  1.167984    2.0729915E+00  6.2290305E-01
1.5365489E+02  1.173789    2.0376795E+00  6.1237408E-01
1.5031692E+02  1.179677    2.0025972E+00  6.0200278E-01
1.4705642E+02  1.185641    1.9677893E+00  5.9180036E-01
1.4387072E+02  1.191676    1.9332998E+00  5.8177750E-01
1.4075724E+02  1.197776    1.8991721E+00  5.7194443E-01
1.3771344E+02  1.203933    1.8654487E+00  5.6231083E-01
1.3473690E+02  1.210139    1.8321713E+00  5.5288583E-01
1.3182524E+02  1.216387    1.7993804E+00  5.4367804E-01
1.2897618E+02  1.222667    1.7671156E+00  5.3469548E-01
1.2618748E+02  1.228972    1.7354152E+00  5.2594561E-01
1.2345699E+02  1.23529     1.7043162E+00  5.1743530E-01
1.2078264E+02  1.241612    1.6738544E+00  5.0917084E-01
1.1816243E+02  1.247926    1.6440642E+00  5.0115795E-01
1.1559442E+02  1.254222    1.6149785E+00  4.9340176E-01
1.1307677E+02  1.260488    1.5866286E+00  4.8590679E-01
1.1060769E+02  1.266711    1.5590444E+00  4.7867701E-01
1.0818548E+02  1.272879    1.5322541E+00  4.7171577E-01
1.0580851E+02  1.278978    1.5062840E+00  4.6502584E-01
1.0347525E+02  1.284996    1.4811589E+00  4.5860942E-01
1.0118423E+02  1.290919    1.4569016E+00  4.5246810E-01
9.8934075E+01  1.296732    1.4335331E+00  4.4660287E-01
9.6723498E+01  1.302423    1.4110720E+00  4.4101411E-01
9.4551296E+01  1.307977    1.3895350E+00  4.3570160E-01
9.2416361E+01  1.313381    1.3689364E+00  4.3066444E-01
9.0317679E+01  1.318622    1.3492879E+00  4.2590116E-01
8.8254331E+01  1.323687    1.3305988E+00  4.2140955E-01
8.6225496E+01  1.328563    1.3128754E+00  4.1718677E-01
8.4230453E+01  1.333241    1.2961210E+00  4.1322924E-01
8.2268579E+01  1.337709    1.2803356E+00  4.0953268E-01
8.0339350E+01  1.341959    1.2655161E+00  4.0609206E-01
7.8442342E+01  1.345983    1.2516554E+00  4.0290160E-01
7.6577223E+01  1.349775    1.2387430E+00  3.9995477E-01
7.4743752E+01  1.35333     1.2267643E+00  3.9724425E-01
7.2941774E+01  1.356646    1.2157008E+00  3.9476200E-01
7.1171209E+01  1.359722    1.2055299E+00  3.9249926E-01
6.9432045E+01  1.36256     1.1962253E+00  3.9044654E-01
6.7724328E+01  1.365162    1.1877565E+00  3.8859377E-01
6.6048150E+01  1.367533    1.1800896E+00  3.8693029E-01
6.4403635E+01  1.369681    1.1731872E+00  3.8544497E-01
6.2790925E+01  1.371614    1.1670091E+00  3.8412630E-01
6.1210168E+01  1.373341    1.1615123E+00  3.8296251E-01
5.9661501E+01  1.374874    1.1566521E+00  3.8194170E-01
5.8145045E+01  1.376226    1.1523822E+00  3.8105196E-01
5.6660886E+01  1.377408    1.1486556E+00  3.8028150E-01
5.5209066E+01  1.378436    1.1454252E+00  3.7961879E-01
5.3789577E+01  1.379322    1.1426444E+00  3.7905266E-01
5.2402356E+01  1.380081    1.1402677E+00  3.7857243E-01
5.1047277E+01  1.380725    1.1382509E+00  3.7816797E-01
4.9724154E+01  1.381268    1.1365524E+00  3.7782982E-01
4.8432739E+01  1.381723    1.1351328E+00  3.7754924E-01
4.7172721E+01  1.382099    1.1339554E+00  3.7731819E-01
4.5943735E+01  1.382409    1.1329866E+00  3.7712940E-01
4.4745363E+01  1.382662    1.1321958E+00  3.7697638E-01
4.3577138E+01  1.382867    1.1315556E+00  3.7685333E-01
4.2438555E+01  1.383031    1.1310417E+00  3.7675521E-01
4.1329075E+01  1.383162    1.1306326E+00  3.7667763E-01
4.0248128E+01  1.383265    1.1303098E+00  3.7661682E-01
3.9195122E+01  1.383345    1.1300575E+00  3.7656957E-01
3.8169451E+01  1.383407    1.1298619E+00  3.7653318E-01
3.7170495E+01  1.383455    1.1297117E+00  3.7650542E-01
3.6197626E+01  1.383492    1.1295976E+00  3.7648444E-01
3.5250219E+01  1.383519    1.1295116E+00  3.7646873E-01
3.4327645E+01  1.383539    1.1294475E+00  3.7645709E-01
3.3429282E+01  1.383554    1.1294002E+00  3.7644855E-01
3.2554514E+01  1.383565    1.1293657E+00  3.7644235E-01
3.1702732E+01  1.383573    1.1293408E+00  3.7643790E-01
3.0873339E+01  1.383579    1.1293230E+00  3.7643473E-01
3.0065750E+01  1.383583    1.1293104E+00  3.7643251E-01
2.9279391E+01  1.383586    1.1293016E+00  3.7643097E-01
2.8513703E+01  1.383587    1.1292955E+00  3.7642991E-01
2.7768137E+01  1.383589    1.1292914E+00  3.7642919E-01
2.7042161E+01  1.38359     1.1292886E+00  3.7642871E-01
2.6335255E+01  1.38359     1.1292868E+00  3.7642839E-01
2.5646911E+01  1.383591    1.1292856E+00  3.7642819E-01
2.4976638E+01  1.383591    1.1292848E+00  3.7642805E-01
2.4323956E+01  1.383591    1.1292843E+00  3.7642797E-01
2.3688398E+01  1.383591    1.1292840E+00  3.7642791E-01
2.3069510E+01  1.383591    1.1292838E+00  3.7642788E-01
2.2466850E+01  1.383591    1.1292837E+00  3.7642786E-01
2.1879987E+01  1.383591    1.1292836E+00  3.7642785E-01
2.1308504E+01  1.383591    1.1292836E+00  3.7642784E-01
2.0751994E+01  1.383591    1.1292835E+00  3.7642784E-01
2.0210062E+01  1.383591    1.1292835E+00  3.7642784E-01
1.9682321E+01  1.383591    1.1292835E+00  3.7642783E-01
1.9168399E+01  1.383591    1.1292835E+00  3.7642783E-01
1.8667929E+01  1.383591    1.1292835E+00  3.7642783E-01
1.8180556E+01  1.383591    1.1292835E+00  3.7642783E-01
1.7705936E+01  1.383591    1.1292835E+00  3.7642783E-01
1.7243734E+01  1.383591    1.1292835E+00  3.7642783E-01
1.6793623E+01  1.383591    1.1292835E+00  3.7642783E-01
1.6355283E+01  1.383591    1.1292835E+00  3.7642783E-01
1.5928406E+01  1.383591    1.1292835E+00  3.7642783E-01
1.5512689E+01  1.383591    1.1292835E+00  3.7642783E-01
1.5107840E+01  1.383591    1.1292835E+00  3.7642783E-01
1.4713573E+01  1.383591    1.1292835E+00  3.7642783E-01
1.4329611E+01  1.383591    1.1292835E+00  3.7642783E-01
1.3955683E+01  1.383591    1.1292835E+00  3.7642783E-01
1.3591525E+01  1.383591    1.1292835E+00  3.7642783E-01
1.3236883E+01  1.383591    1.1292835E+00  3.7642783E-01
1.2891504E+01  1.383591    1.1292835E+00  3.7642783E-01
1.2555147E+01  1.383591    1.1292835E+00  3.7642783E-01
1.2227576E+01  1.383591    1.1292835E+00  3.7642783E-01
1.1908560E+01  1.383591    1.1292835E+00  3.7642783E-01
1.1597876E+01  1.383591    1.1292835E+00  3.7642783E-01
1.1295305E+01  1.383591    1.1292835E+00  3.7642783E-01
1.1000634E+01  1.383591    1.1292835E+00  3.7642783E-01
1.0713657E+01  1.383591    1.1292835E+00  3.7642783E-01
1.0434171E+01  1.383591    1.1292835E+00  3.7642783E-01
1.0161983E+01  1.383591    1.1292835E+00  3.7642783E-01
9.8968996E+00  1.383591    1.1292835E+00  3.7642783E-01
9.6387362E+00  1.383591    1.1292835E+00  3.7642783E-01
9.3873115E+00  1.383591    1.1292835E+00  3.7642783E-01
9.1424493E+00  1.383591    1.1292835E+00  3.7642783E-01
8.9039778E+00  1.383591    1.1292835E+00  3.7642783E-01
8.6717288E+00  1.383591    1.1292835E+00  3.7642783E-01
8.4455414E+00  1.383591    1.1292835E+00  3.7642783E-01
8.2252568E+00  1.383591    1.1292835E+00  3.7642783E-01
8.0107207E+00  1.383591    1.1292835E+00  3.7642783E-01
7.8017829E+00  1.383591    1.1292835E+00  3.7642783E-01
7.5982969E+00  1.383591    1.1292835E+00  3.7642783E-01
7.4001205E+00  1.383591    1.1292835E+00  3.7642783E-01
7.2071142E+00  1.383591    1.1292835E+00  3.7642783E-01
7.0191434E+00  1.383591    1.1292835E+00  3.7642783E-01
6.8360769E+00  1.383591    1.1292835E+00  3.7642783E-01
6.6577868E+00  1.383591    1.1292835E+00  3.7642783E-01
6.4841482E+00  1.383591    1.1292835E+00  3.7642783E-01
6.3150396E+00  1.383591    1.1292835E+00  3.7642783E-01
6.1503426E+00  1.383591    1.1292835E+00  3.7642783E-01
5.9899421E+00  1.383591    1.1292835E+00  3.7642783E-01
5.8337247E+00  1.383591    1.1292835E+00  3.7642783E-01
5.6815830E+00  1.383591    1.1292835E+00  3.7642783E-01
5.5334103E+00  1.383591    1.1292835E+00  3.7642783E-01
5.3891027E+00  1.383591    1.1292835E+00  3.7642783E-01
5.2485593E+00  1.383591    1.1292835E+00  3.7642783E-01
5.1116821E+00  1.383591    1.1292835E+00  3.7642783E-01
