#T_gamma (MeV)rate_m/rate_0
  1.00000E-12  0.00000E+00
2.99000E-02  0.00000E+00
3.00000E-02  3.50488E-09
3.06988E-02  7.85195E-09
3.14139E-02  1.66044E-08
3.21456E-02  3.34725E-08
3.28943E-02  6.47579E-08
3.36606E-02  1.20810E-07
3.44446E-02  2.18085E-07
3.52469E-02  3.81920E-07
3.60679E-02  6.50093E-07
3.69081E-02  1.07711E-06
3.77678E-02  1.73896E-06
3.86475E-02  2.73768E-06
3.95477E-02  4.20482E-06
4.04689E-02  6.30195E-06
4.14115E-02  9.21607E-06
4.23761E-02  1.31470E-05
4.33632E-02  1.82840E-05
4.43733E-02  2.47691E-05
4.54068E-02  3.26488E-05
4.64645E-02  4.18216E-05
4.75468E-02  5.20009E-05
4.86543E-02  6.27269E-05
4.97876E-02  7.34710E-05
5.09473E-02  8.38794E-05
5.21340E-02  9.50120E-05
5.33484E-02  1.12958E-04
5.45910E-02  1.45560E-04
5.58626E-02  2.01834E-04
5.71638E-02  2.92648E-04
5.84953E-02  4.31210E-04
5.98579E-02  6.33558E-04
6.12521E-02  9.18943E-04
6.26789E-02  1.31020E-03
6.41389E-02  1.83408E-03
6.56328E-02  2.52147E-03
6.71616E-02  3.40748E-03
6.87260E-02  4.53158E-03
7.03269E-02  5.93746E-03
7.19650E-02  7.67278E-03
7.36413E-02  9.78878E-03
7.53566E-02  1.23398E-02
7.71119E-02  1.53828E-02
7.89080E-02  1.89759E-02
8.07460E-02  2.31784E-02
8.26269E-02  2.80489E-02
8.45515E-02  3.36448E-02
8.65209E-02  4.00207E-02
8.85363E-02  4.72277E-02
9.05986E-02  5.53114E-02
9.27089E-02  6.43120E-02
9.48683E-02  7.42622E-02
9.70781E-02  8.51868E-02
9.93393E-02  9.71018E-02
1.01653E-01  1.10014E-01
1.04021E-01  1.23921E-01
1.06444E-01  1.38808E-01
1.08923E-01  1.54654E-01
1.11461E-01  1.71425E-01
1.14057E-01  1.89079E-01
1.16714E-01  2.07565E-01
1.19432E-01  2.26822E-01
1.22214E-01  2.46786E-01
1.25061E-01  2.67382E-01
1.27974E-01  2.88532E-01
1.30955E-01  3.10154E-01
1.34005E-01  3.32162E-01
1.37126E-01  3.54469E-01
1.40321E-01  3.76987E-01
1.43589E-01  3.99629E-01
1.46934E-01  4.22309E-01
1.50356E-01  4.44941E-01
1.53858E-01  4.67449E-01
1.57442E-01  4.89754E-01
1.61110E-01  5.11786E-01
1.64862E-01  5.33479E-01
1.68702E-01  5.54771E-01
1.72632E-01  5.75609E-01
1.76653E-01  5.95944E-01
1.80768E-01  6.15735E-01
1.84979E-01  6.34944E-01
1.89287E-01  6.53543E-01
1.93696E-01  6.71508E-01
1.98208E-01  6.88818E-01
2.02825E-01  7.05470E-01
2.07549E-01  7.21444E-01
2.12384E-01  7.36744E-01
2.17331E-01  7.51368E-01
2.22393E-01  7.65323E-01
2.27573E-01  7.78615E-01
2.32874E-01  7.91258E-01
2.38298E-01  8.03265E-01
2.43849E-01  8.14652E-01
2.49529E-01  8.25437E-01
2.55341E-01  8.35640E-01
2.61289E-01  8.45282E-01
2.67375E-01  8.54384E-01
2.73603E-01  8.62968E-01
2.79976E-01  8.71055E-01
2.86498E-01  8.78674E-01
2.93171E-01  8.85841E-01
3.00000E-01  8.92581E-01
3.06988E-01  8.98915E-01
3.14139E-01  9.04867E-01
3.21456E-01  9.10455E-01
3.28943E-01  9.15701E-01
3.36606E-01  9.20625E-01
3.44446E-01  9.25245E-01
3.52469E-01  9.29579E-01
3.60679E-01  9.33645E-01
3.69081E-01  9.37460E-01
3.77678E-01  9.41038E-01
3.86475E-01  9.44396E-01
3.95477E-01  9.47545E-01
4.04689E-01  9.50500E-01
4.14115E-01  9.53274E-01
4.23761E-01  9.55878E-01
4.33632E-01  9.58323E-01
4.43733E-01  9.60620E-01
4.54068E-01  9.62779E-01
4.64645E-01  9.64804E-01
4.75468E-01  9.66710E-01
4.86543E-01  9.68502E-01
4.97876E-01  9.70188E-01
5.09473E-01  9.71775E-01
5.21340E-01  9.73269E-01
5.33484E-01  9.74676E-01
5.45910E-01  9.76001E-01
5.58626E-01  9.77251E-01
5.71638E-01  9.78429E-01
5.84953E-01  9.79540E-01
5.98579E-01  9.80589E-01
6.12521E-01  9.81578E-01
6.26789E-01  9.82514E-01
6.41389E-01  9.83397E-01
6.56328E-01  9.84232E-01
6.71616E-01  9.85022E-01
6.87260E-01  9.85768E-01
7.03269E-01  9.86475E-01
7.19650E-01  9.87144E-01
7.36413E-01  9.87777E-01
7.53566E-01  9.88377E-01
7.71119E-01  9.88946E-01
7.89080E-01  9.89484E-01
8.07460E-01  9.89995E-01
8.26269E-01  9.90480E-01
8.45515E-01  9.90939E-01
8.65209E-01  9.91376E-01
8.85363E-01  9.91789E-01
9.05986E-01  9.92182E-01
9.27089E-01  9.92556E-01
9.48683E-01  9.92910E-01
9.70781E-01  9.93247E-01
9.93393E-01  9.93567E-01
1.01653E+00  9.93872E-01
1.04021E+00  9.94161E-01
1.06444E+00  9.94436E-01
1.08923E+00  9.94698E-01
1.11461E+00  9.94947E-01
1.14057E+00  9.95184E-01
1.16714E+00  9.95409E-01
1.19432E+00  9.95623E-01
1.22214E+00  9.95828E-01
1.25061E+00  9.96022E-01
1.27974E+00  9.96207E-01
1.30955E+00  9.96384E-01
1.34005E+00  9.96552E-01
1.37126E+00  9.96712E-01
1.40321E+00  9.96864E-01
1.43589E+00  9.97009E-01
1.46934E+00  9.97148E-01
1.50356E+00  9.97279E-01
1.53858E+00  9.97405E-01
1.57442E+00  9.97525E-01
1.61110E+00  9.97639E-01
1.64862E+00  9.97748E-01
1.68702E+00  9.97852E-01
1.72632E+00  9.97951E-01
1.76653E+00  9.98045E-01
1.80768E+00  9.98135E-01
1.84979E+00  9.98221E-01
1.89287E+00  9.98303E-01
1.93696E+00  9.98381E-01
1.98208E+00  9.98455E-01
2.02825E+00  9.98619E-01
2.07549E+00  9.98634E-01
2.12384E+00  9.98659E-01
2.17331E+00  9.98720E-01
2.22393E+00  9.98779E-01
2.27573E+00  9.98835E-01
2.32874E+00  9.98889E-01
2.38298E+00  9.98940E-01
2.43849E+00  9.98989E-01
2.49529E+00  9.99035E-01
2.55341E+00  9.99080E-01
2.61289E+00  9.99122E-01
2.67375E+00  9.99163E-01
2.73603E+00  9.99201E-01
2.79976E+00  9.99238E-01
2.86498E+00  9.99273E-01
2.93171E+00  9.99307E-01
3.00000E+00  9.99339E-01
3.06988E+00  9.99370E-01
3.14139E+00  9.99399E-01
3.21456E+00  9.99427E-01
3.28943E+00  9.99453E-01
3.36606E+00  9.99479E-01
3.44446E+00  9.99503E-01
3.52469E+00  9.99526E-01
3.60679E+00  9.99548E-01
3.69081E+00  9.99569E-01
3.77678E+00  9.99589E-01
3.86475E+00  9.99609E-01
3.95477E+00  9.99627E-01
4.04689E+00  9.99645E-01
4.14115E+00  9.99661E-01
4.23761E+00  9.99677E-01
4.33632E+00  9.99693E-01
4.43733E+00  9.99707E-01
4.54068E+00  9.99721E-01
4.64645E+00  9.99734E-01
4.75468E+00  9.99747E-01
4.86543E+00  9.99759E-01
4.97876E+00  9.99771E-01
5.09473E+00  9.99782E-01
5.21340E+00  9.99792E-01
5.33484E+00  9.99802E-01
5.45910E+00  9.99812E-01
5.58626E+00  9.99821E-01
5.71638E+00  9.99830E-01
5.84953E+00  9.99838E-01
5.98579E+00  9.99846E-01
6.12521E+00  9.99854E-01
6.26789E+00  9.99861E-01
6.41389E+00  9.99868E-01
6.56328E+00  9.99875E-01
6.71616E+00  9.99881E-01
6.87260E+00  9.99887E-01
7.03269E+00  9.99893E-01
7.19650E+00  9.99898E-01
7.36413E+00  9.99904E-01
7.53566E+00  9.99909E-01
7.71119E+00  9.99914E-01
7.89080E+00  9.99918E-01
8.07460E+00  9.99922E-01
8.26269E+00  9.99927E-01
8.45515E+00  9.99931E-01
8.65209E+00  9.99934E-01
8.85363E+00  9.99938E-01
9.05986E+00  9.99942E-01
9.27089E+00  9.99945E-01
9.48683E+00  9.99948E-01
9.70781E+00  9.99951E-01
9.93393E+00  9.99954E-01
1.01653E+01  9.99957E-01
1.04021E+01  9.99959E-01
1.06444E+01  9.99962E-01
1.08923E+01  9.99964E-01
1.11461E+01  9.99967E-01
1.14057E+01  9.99969E-01
1.16714E+01  9.99971E-01
1.19432E+01  9.99973E-01
1.22214E+01  9.99975E-01
1.25061E+01  9.99977E-01
1.27974E+01  9.99978E-01
1.30955E+01  9.99980E-01
1.34005E+01  9.99982E-01
1.37126E+01  9.99983E-01
1.40321E+01  9.99985E-01
1.43589E+01  9.99986E-01
1.46934E+01  9.99987E-01
1.50356E+01  9.99989E-01
1.53858E+01  9.99990E-01
1.57442E+01  9.99991E-01
1.61110E+01  9.99992E-01
1.64862E+01  9.99993E-01
1.68702E+01  9.99994E-01
1.72632E+01  9.99995E-01
1.76653E+01  9.99996E-01
1.80768E+01  9.99997E-01
1.84979E+01  9.99998E-01
1.89287E+01  9.99999E-01
1.93696E+01  9.99999E-01
1.98208E+01  1.00000E+00
2.00000E+07  1.00000E+00
