#T_gamma (MeV)rate_m/rate_0
  1.00000E-12  0.00000E+00
2.99000E-02  0.00000E+00
3.00000E-02  1.79735E-06
3.06988E-02  2.56049E-06
3.14139E-02  3.61963E-06
3.21456E-02  5.07801E-06
3.28943E-02  7.07088E-06
3.36606E-02  9.77230E-06
3.44446E-02  1.34089E-05
3.52469E-02  1.82666E-05
3.60679E-02  2.47093E-05
3.69081E-02  3.31923E-05
3.77678E-02  4.42832E-05
3.86475E-02  5.86825E-05
3.95477E-02  7.72544E-05
4.04689E-02  1.01041E-04
4.14115E-02  1.31307E-04
4.23761E-02  1.69568E-04
4.33632E-02  2.17627E-04
4.43733E-02  2.77625E-04
4.54068E-02  3.52057E-04
4.64645E-02  4.43841E-04
4.75468E-02  5.56352E-04
4.86543E-02  6.93489E-04
4.97876E-02  8.59662E-04
5.09473E-02  1.05990E-03
5.21340E-02  1.29990E-03
5.33484E-02  1.58599E-03
5.45910E-02  1.92516E-03
5.58626E-02  2.32535E-03
5.71638E-02  2.79502E-03
5.84953E-02  3.34359E-03
5.98579E-02  3.98118E-03
6.12521E-02  4.71870E-03
6.26789E-02  5.56797E-03
6.41389E-02  6.54136E-03
6.56328E-02  7.65203E-03
6.71616E-02  8.91397E-03
6.87260E-02  1.03413E-02
7.03269E-02  1.19493E-02
7.19650E-02  1.37544E-02
7.36413E-02  1.57703E-02
7.53566E-02  1.80144E-02
7.71119E-02  2.05038E-02
7.89080E-02  2.32550E-02
8.07460E-02  2.62799E-02
8.26269E-02  2.95991E-02
8.45515E-02  3.32268E-02
8.65209E-02  3.71781E-02
8.85363E-02  4.14661E-02
9.05986E-02  4.61056E-02
9.27089E-02  5.11077E-02
9.48683E-02  5.64896E-02
9.70781E-02  6.22513E-02
9.93393E-02  6.84110E-02
1.01653E-01  7.49755E-02
1.04021E-01  8.19471E-02
1.06444E-01  8.93305E-02
1.08923E-01  9.71265E-02
1.11461E-01  1.05348E-01
1.14057E-01  1.13983E-01
1.16714E-01  1.23028E-01
1.19432E-01  1.32483E-01
1.22214E-01  1.42349E-01
1.25061E-01  1.52599E-01
1.27974E-01  1.63273E-01
1.30955E-01  1.74262E-01
1.34005E-01  1.85641E-01
1.37126E-01  1.97373E-01
1.40321E-01  2.09437E-01
1.43589E-01  2.21820E-01
1.46934E-01  2.34493E-01
1.50356E-01  2.47434E-01
1.53858E-01  2.60666E-01
1.57442E-01  2.74095E-01
1.61110E-01  2.87765E-01
1.64862E-01  3.01620E-01
1.68702E-01  3.15638E-01
1.72632E-01  3.29807E-01
1.76653E-01  3.44105E-01
1.80768E-01  3.58505E-01
1.84979E-01  3.72981E-01
1.89287E-01  3.87522E-01
1.93696E-01  4.02075E-01
1.98208E-01  4.16625E-01
2.02825E-01  4.31175E-01
2.07549E-01  4.45692E-01
2.12384E-01  4.60142E-01
2.17331E-01  4.74514E-01
2.22393E-01  4.88799E-01
2.27573E-01  5.02990E-01
2.32874E-01  5.17030E-01
2.38298E-01  5.30911E-01
2.43849E-01  5.44678E-01
2.49529E-01  5.58208E-01
2.55341E-01  5.71627E-01
2.61289E-01  5.84788E-01
2.67375E-01  5.97787E-01
2.73603E-01  6.10504E-01
2.79976E-01  6.23043E-01
2.86498E-01  6.35325E-01
2.93171E-01  6.47368E-01
3.00000E-01  6.59128E-01
3.06988E-01  6.70644E-01
3.14139E-01  6.81888E-01
3.21456E-01  6.92858E-01
3.28943E-01  7.03626E-01
3.36606E-01  7.14081E-01
3.44446E-01  7.24269E-01
3.52469E-01  7.34218E-01
3.60679E-01  7.43861E-01
3.69081E-01  7.53258E-01
3.77678E-01  7.62382E-01
3.86475E-01  7.71227E-01
3.95477E-01  7.79830E-01
4.04689E-01  7.88166E-01
4.14115E-01  7.96265E-01
4.23761E-01  8.04082E-01
4.33632E-01  8.11630E-01
4.43733E-01  8.18959E-01
4.54068E-01  8.26102E-01
4.64645E-01  8.32925E-01
4.75468E-01  8.39546E-01
4.86543E-01  8.45939E-01
4.97876E-01  8.52011E-01
5.09473E-01  8.58047E-01
5.21340E-01  8.63780E-01
5.33484E-01  8.69276E-01
5.45910E-01  8.74594E-01
5.58626E-01  8.79802E-01
5.71638E-01  8.84734E-01
5.84953E-01  8.89428E-01
5.98579E-01  8.93991E-01
6.12521E-01  8.98389E-01
6.26789E-01  9.02608E-01
6.41389E-01  9.06682E-01
6.56328E-01  9.10616E-01
6.71616E-01  9.14332E-01
6.87260E-01  9.17987E-01
7.03269E-01  9.21468E-01
7.19650E-01  9.24787E-01
7.36413E-01  9.28007E-01
7.53566E-01  9.31081E-01
7.71119E-01  9.34043E-01
7.89080E-01  9.36882E-01
8.07460E-01  9.39587E-01
8.26269E-01  9.42199E-01
8.45515E-01  9.44765E-01
8.65209E-01  9.47125E-01
8.85363E-01  9.49402E-01
9.05986E-01  9.51605E-01
9.27089E-01  9.53692E-01
9.48683E-01  9.55687E-01
9.70781E-01  9.57631E-01
9.93393E-01  9.59447E-01
1.01653E+00  9.61267E-01
1.04021E+00  9.62966E-01
1.06444E+00  9.64569E-01
1.08923E+00  9.66129E-01
1.11461E+00  9.67782E-01
1.14057E+00  9.69017E-01
1.16714E+00  9.70435E-01
1.19432E+00  9.71742E-01
1.22214E+00  9.72954E-01
1.25061E+00  9.74147E-01
1.27974E+00  9.75302E-01
1.30955E+00  9.76447E-01
1.34005E+00  9.77436E-01
1.37126E+00  9.78434E-01
1.40321E+00  9.79426E-01
1.43589E+00  9.80334E-01
1.46934E+00  9.81223E-01
1.50356E+00  9.82081E-01
1.53858E+00  9.82874E-01
1.57442E+00  9.83635E-01
1.61110E+00  9.84381E-01
1.64862E+00  9.85109E-01
1.68702E+00  9.85766E-01
1.72632E+00  9.86387E-01
1.76653E+00  9.87050E-01
1.80768E+00  9.87595E-01
1.84979E+00  9.88147E-01
1.89287E+00  9.88714E-01
1.93696E+00  9.89218E-01
1.98208E+00  9.89731E-01
2.02825E+00  9.90199E-01
2.07549E+00  9.90629E-01
2.12384E+00  9.91035E-01
2.17331E+00  9.91425E-01
2.22393E+00  9.91809E-01
2.27573E+00  9.92190E-01
2.32874E+00  9.92559E-01
2.38298E+00  9.92853E-01
2.43849E+00  9.93176E-01
2.49529E+00  9.93525E-01
2.55341E+00  9.93821E-01
2.61289E+00  9.94114E-01
2.67375E+00  9.94397E-01
2.73603E+00  9.94666E-01
2.79976E+00  9.94861E-01
2.86498E+00  9.95090E-01
2.93171E+00  9.95352E-01
3.00000E+00  9.95597E-01
3.06988E+00  9.95787E-01
3.14139E+00  9.95980E-01
3.21456E+00  9.96163E-01
3.28943E+00  9.96335E-01
3.36606E+00  9.96519E-01
3.44446E+00  9.96653E-01
3.52469E+00  9.96817E-01
3.60679E+00  9.96988E-01
3.69081E+00  9.97143E-01
3.77678E+00  9.97291E-01
3.86475E+00  9.97401E-01
3.95477E+00  9.97531E-01
4.04689E+00  9.97653E-01
4.14115E+00  9.97768E-01
4.23761E+00  9.97882E-01
4.33632E+00  9.97986E-01
4.43733E+00  9.98105E-01
4.54068E+00  9.98144E-01
4.64645E+00  9.98227E-01
4.75468E+00  9.98323E-01
4.86543E+00  9.98419E-01
4.97876E+00  9.98514E-01
5.09473E+00  9.98557E-01
5.21340E+00  9.98653E-01
5.33484E+00  9.98713E-01
5.45910E+00  9.98784E-01
5.58626E+00  9.98881E-01
5.71638E+00  9.98880E-01
5.84953E+00  9.98994E-01
5.98579E+00  9.99023E-01
6.12521E+00  9.99072E-01
6.26789E+00  9.99124E-01
6.41389E+00  9.99172E-01
6.56328E+00  9.99230E-01
6.71616E+00  9.99267E-01
6.87260E+00  9.99304E-01
7.03269E+00  9.99330E-01
7.19650E+00  9.99343E-01
7.36413E+00  9.99380E-01
7.53566E+00  9.99443E-01
7.71119E+00  9.99478E-01
7.89080E+00  9.99504E-01
8.07460E+00  9.99531E-01
8.26269E+00  9.99560E-01
8.45515E+00  9.99535E-01
8.65209E+00  9.99649E-01
8.85363E+00  9.99611E-01
9.05986E+00  9.99687E-01
9.27089E+00  9.99732E-01
9.48683E+00  9.99725E-01
9.70781E+00  9.99712E-01
9.93393E+00  9.99747E-01
1.01653E+01  9.99790E-01
1.04021E+01  9.99801E-01
1.06444E+01  9.99766E-01
1.08923E+01  9.99756E-01
1.11461E+01  9.99772E-01
1.14057E+01  9.99787E-01
1.16714E+01  9.99800E-01
1.19432E+01  9.99938E-01
1.22214E+01  9.99827E-01
1.25061E+01  9.99839E-01
1.27974E+01  9.99851E-01
1.30955E+01  9.99863E-01
1.34005E+01  9.99874E-01
1.37126E+01  9.99885E-01
1.40321E+01  9.99894E-01
1.43589E+01  9.99904E-01
1.46934E+01  9.99913E-01
1.50356E+01  9.99918E-01
1.53858E+01  9.99929E-01
1.57442E+01  9.99937E-01
1.61110E+01  9.99945E-01
1.64862E+01  9.99950E-01
1.68702E+01  9.99959E-01
1.72632E+01  9.99965E-01
1.76653E+01  9.99972E-01
1.80768E+01  9.99978E-01
1.84979E+01  9.99984E-01
1.89287E+01  9.99990E-01
1.93696E+01  9.99995E-01
1.98208E+01  1.00000E+00
2.00000E+07  1.00000E+00
