#T_gamma (MeV)rate_m/rate_0
  1.00000E-11  0.00000E+00
  3.33E-02   0.00000E+00
3.36606E-02  5.00151E-07
3.44446E-02  2.24397E-06
3.52469E-02  5.04937E-06
3.60679E-02  9.34914E-06
3.69081E-02  1.57214E-05
3.77678E-02  2.49055E-05
3.86475E-02  3.78446E-05
3.95477E-02  5.57278E-05
4.04689E-02  8.00442E-05
4.14115E-02  1.12607E-04
4.23761E-02  1.55617E-04
4.33632E-02  2.11735E-04
4.43733E-02  2.84176E-04
4.54068E-02  3.76696E-04
4.64645E-02  4.93649E-04
4.75468E-02  6.40187E-04
4.86543E-02  8.22245E-04
4.97876E-02  1.04645E-03
5.09473E-02  1.32038E-03
5.21340E-02  1.65267E-03
5.33484E-02  2.05268E-03
5.45910E-02  2.53083E-03
5.58626E-02  3.09913E-03
5.71638E-02  3.76947E-03
5.84953E-02  4.55567E-03
5.98579E-02  5.47195E-03
6.12521E-02  6.53480E-03
6.26789E-02  7.75976E-03
6.41389E-02  9.16375E-03
6.56328E-02  1.07655E-02
6.71616E-02  1.25829E-02
6.87260E-02  1.46345E-02
7.03269E-02  1.69407E-02
7.19650E-02  1.95181E-02
7.36413E-02  2.23896E-02
7.53566E-02  2.55733E-02
7.71119E-02  2.90874E-02
7.89080E-02  3.29498E-02
8.07460E-02  3.71807E-02
8.26269E-02  4.17973E-02
8.45515E-02  4.68091E-02
8.65209E-02  5.22347E-02
8.85363E-02  5.80859E-02
9.05986E-02  6.43740E-02
9.27089E-02  7.11082E-02
9.48683E-02  7.83007E-02
9.70781E-02  8.59496E-02
9.93393E-02  9.40650E-02
1.01653E-01  1.02647E-01
1.04021E-01  1.11692E-01
1.06444E-01  1.21198E-01
1.08923E-01  1.31170E-01
1.11461E-01  1.41575E-01
1.14057E-01  1.52421E-01
1.16714E-01  1.63700E-01
1.19432E-01  1.75383E-01
1.22214E-01  1.87464E-01
1.25061E-01  1.99944E-01
1.27974E-01  2.12775E-01
1.30955E-01  2.25944E-01
1.34005E-01  2.39440E-01
1.37126E-01  2.53229E-01
1.40321E-01  2.67285E-01
1.43589E-01  2.81593E-01
1.46934E-01  2.96117E-01
1.50356E-01  3.10829E-01
1.53858E-01  3.25711E-01
1.57442E-01  3.40730E-01
1.61110E-01  3.55856E-01
1.64862E-01  3.71089E-01
1.68702E-01  3.86336E-01
1.72632E-01  4.01641E-01
1.76653E-01  4.16944E-01
1.80768E-01  4.32228E-01
1.84979E-01  4.47469E-01
1.89287E-01  4.62655E-01
1.93696E-01  4.77744E-01
1.98208E-01  4.92692E-01
2.02825E-01  5.07517E-01
2.07549E-01  5.22191E-01
2.12384E-01  5.36708E-01
2.17331E-01  5.50999E-01
2.22393E-01  5.65100E-01
2.27573E-01  5.79019E-01
2.32874E-01  5.92671E-01
2.38298E-01  6.06087E-01
2.43849E-01  6.19238E-01
2.49529E-01  6.32137E-01
2.55341E-01  6.44780E-01
2.61289E-01  6.57121E-01
2.67375E-01  6.69219E-01
2.73603E-01  6.80948E-01
2.79976E-01  6.92466E-01
2.86498E-01  7.03675E-01
2.93171E-01  7.14556E-01
3.00000E-01  7.25145E-01
3.06988E-01  7.35420E-01
3.14139E-01  7.45440E-01
3.21456E-01  7.55051E-01
3.28943E-01  7.64496E-01
3.36606E-01  7.73605E-01
3.44446E-01  7.82416E-01
3.52469E-01  7.91097E-01
3.60679E-01  7.99239E-01
3.69081E-01  8.07233E-01
3.77678E-01  8.14936E-01
3.86475E-01  8.22421E-01
3.95477E-01  8.29606E-01
4.04689E-01  8.36550E-01
4.14115E-01  8.43219E-01
4.23761E-01  8.49698E-01
4.33632E-01  8.55914E-01
4.43733E-01  8.61876E-01
4.54068E-01  8.67634E-01
4.64645E-01  8.73230E-01
4.75468E-01  8.78559E-01
4.86543E-01  8.83690E-01
4.97876E-01  8.88529E-01
5.09473E-01  8.93308E-01
5.21340E-01  8.97849E-01
5.33484E-01  9.02158E-01
5.45910E-01  9.06367E-01
5.58626E-01  9.10387E-01
5.71638E-01  9.14242E-01
5.84953E-01  9.17977E-01
5.98579E-01  9.21488E-01
6.12521E-01  9.24849E-01
6.26789E-01  9.28083E-01
6.41389E-01  9.31214E-01
6.56328E-01  9.34230E-01
6.71616E-01  9.37055E-01
6.87260E-01  9.39925E-01
7.03269E-01  9.42484E-01
7.19650E-01  9.45018E-01
7.36413E-01  9.47405E-01
7.53566E-01  9.49723E-01
7.71119E-01  9.51973E-01
7.89080E-01  9.54084E-01
8.07460E-01  9.56111E-01
8.26269E-01  9.58022E-01
8.45515E-01  9.59929E-01
8.65209E-01  9.61761E-01
8.85363E-01  9.63415E-01
9.05986E-01  9.65045E-01
9.27089E-01  9.66580E-01
9.48683E-01  9.68026E-01
9.70781E-01  9.69471E-01
9.93393E-01  9.70748E-01
1.01653E+00  9.72145E-01
1.04021E+00  9.73417E-01
1.06444E+00  9.74549E-01
1.08923E+00  9.75695E-01
1.11461E+00  9.76944E-01
1.14057E+00  9.77787E-01
1.16714E+00  9.78832E-01
1.19432E+00  9.79784E-01
1.22214E+00  9.80661E-01
1.25061E+00  9.81508E-01
1.27974E+00  9.82362E-01
1.30955E+00  9.83194E-01
1.34005E+00  9.83892E-01
1.37126E+00  9.84611E-01
1.40321E+00  9.85335E-01
1.43589E+00  9.85994E-01
1.46934E+00  9.86627E-01
1.50356E+00  9.87255E-01
1.53858E+00  9.87821E-01
1.57442E+00  9.88365E-01
1.61110E+00  9.88902E-01
1.64862E+00  9.89432E-01
1.68702E+00  9.89900E-01
1.72632E+00  9.90337E-01
1.76653E+00  9.90828E-01
1.80768E+00  9.91209E-01
1.84979E+00  9.91598E-01
1.89287E+00  9.92012E-01
1.93696E+00  9.92368E-01
1.98208E+00  9.92743E-01
2.02825E+00  9.93076E-01
2.07549E+00  9.93411E-01
2.12384E+00  9.93696E-01
2.17331E+00  9.93971E-01
2.22393E+00  9.94246E-01
2.27573E+00  9.94478E-01
2.32874E+00  9.94744E-01
2.38298E+00  9.94966E-01
2.43849E+00  9.95169E-01
2.49529E+00  9.95433E-01
2.55341E+00  9.95639E-01
2.61289E+00  9.95857E-01
2.67375E+00  9.96055E-01
2.73603E+00  9.96249E-01
2.79976E+00  9.96391E-01
2.86498E+00  9.96523E-01
2.93171E+00  9.96725E-01
3.00000E+00  9.96910E-01
3.06988E+00  9.97040E-01
3.14139E+00  9.97176E-01
3.21456E+00  9.97304E-01
3.28943E+00  9.97424E-01
3.36606E+00  9.97561E-01
3.44446E+00  9.97643E-01
3.52469E+00  9.97757E-01
3.60679E+00  9.97891E-01
3.69081E+00  9.98003E-01
3.77678E+00  9.98109E-01
3.86475E+00  9.98207E-01
3.95477E+00  9.98277E-01
4.04689E+00  9.98364E-01
4.14115E+00  9.98443E-01
4.23761E+00  9.98529E-01
4.33632E+00  9.98602E-01
4.43733E+00  9.98691E-01
4.54068E+00  9.98703E-01
4.64645E+00  9.98760E-01
4.75468E+00  9.98830E-01
4.86543E+00  9.98901E-01
4.97876E+00  9.98974E-01
5.09473E+00  9.98867E-01
5.21340E+00  9.99070E-01
5.33484E+00  9.99108E-01
5.45910E+00  9.99161E-01
5.58626E+00  9.99200E-01
5.71638E+00  9.99222E-01
5.84953E+00  9.99318E-01
5.98579E+00  9.99333E-01
6.12521E+00  9.99365E-01
6.26789E+00  9.99403E-01
6.41389E+00  9.99437E-01
6.56328E+00  9.99482E-01
6.71616E+00  9.99498E-01
6.87260E+00  9.99531E-01
7.03269E+00  9.99546E-01
7.19650E+00  9.99547E-01
7.36413E+00  9.99574E-01
7.53566E+00  9.99641E-01
7.71119E+00  9.99649E-01
7.89080E+00  9.99669E-01
8.07460E+00  9.99687E-01
8.26269E+00  9.99707E-01
8.45515E+00  9.99674E-01
8.65209E+00  9.99781E-01
8.85363E+00  9.99736E-01
9.05986E+00  9.99804E-01
9.27089E+00  9.99843E-01
9.48683E+00  9.99830E-01
9.70781E+00  9.99810E-01
9.93393E+00  9.99839E-01
1.01653E+01  9.99877E-01
1.04021E+01  9.99802E-01
1.06444E+01  9.99813E-01
1.08923E+01  9.99828E-01
1.11461E+01  9.99839E-01
1.14057E+01  9.99850E-01
1.16714E+01  9.99858E-01
1.19432E+01  9.99993E-01
1.22214E+01  9.99878E-01
1.25061E+01  9.99886E-01
1.27974E+01  9.99895E-01
1.30955E+01  1.00004E+00
1.34005E+01  9.99910E-01
1.37126E+01  9.99919E-01
1.40321E+01  9.99925E-01
1.43589E+01  9.99932E-01
1.46934E+01  9.99940E-01
1.50356E+01  9.99941E-01
1.53858E+01  9.99950E-01
1.57442E+01  9.99955E-01
1.61110E+01  9.99961E-01
1.64862E+01  9.99964E-01
1.68702E+01  9.99971E-01
1.72632E+01  9.99975E-01
1.76653E+01  9.99980E-01
1.80768E+01  9.99984E-01
1.84979E+01  9.99989E-01
1.89287E+01  9.99993E-01
1.93696E+01  9.99996E-01
1.98208E+01  1.00000E+00
2.00098E+04  1.00000E+00
