#T_gamma (MeV)rate_m/rate_0
  1.00000E-10  0.00000E+00
2.99E-02     0.00000E+00
3.00000E-02  2.58129E-10
3.06988E-02  6.19065E-10
3.14139E-02  1.39061E-09
3.21456E-02  2.96287E-09
3.28943E-02  6.04082E-09
3.36606E-02  1.18617E-08
3.44446E-02  2.25411E-08
3.52469E-02  4.16132E-08
3.60679E-02  7.48581E-08
3.69081E-02  1.31551E-07
3.77678E-02  2.26320E-07
3.86475E-02  3.81880E-07
3.95477E-02  6.32972E-07
4.04689E-02  1.03208E-06
4.14115E-02  1.65741E-06
4.23761E-02  2.62410E-06
4.33632E-02  4.09946E-06
4.43733E-02  6.32333E-06
4.54068E-02  9.63466E-06
4.64645E-02  1.45038E-05
4.75468E-02  2.15716E-05
4.86543E-02  3.16927E-05
4.97876E-02  4.59779E-05
5.09473E-02  6.58387E-05
5.21340E-02  9.30814E-05
5.33484E-02  1.30028E-04
5.45910E-02  1.79341E-04
5.58626E-02  2.44241E-04
5.71638E-02  3.28664E-04
5.84953E-02  4.37385E-04
5.98579E-02  5.76139E-04
6.12521E-02  7.51735E-04
6.26789E-02  9.72167E-04
6.41389E-02  1.24673E-03
6.56328E-02  1.58613E-03
6.71616E-02  2.00257E-03
6.87260E-02  2.50982E-03
7.03269E-02  3.12331E-03
7.19650E-02  3.86011E-03
7.36413E-02  4.73901E-03
7.53566E-02  5.78042E-03
7.71119E-02  7.00637E-03
7.89080E-02  8.44037E-03
8.07460E-02  1.01073E-02
8.26269E-02  1.20332E-02
8.45515E-02  1.42451E-02
8.65209E-02  1.67707E-02
8.85363E-02  1.96383E-02
9.05986E-02  2.28761E-02
9.27089E-02  2.65121E-02
9.48683E-02  3.05738E-02
9.70781E-02  3.50876E-02
9.93393E-02  4.00787E-02
1.01653E-01  4.55705E-02
1.04021E-01  5.15842E-02
1.06444E-01  5.81390E-02
1.08923E-01  6.52507E-02
1.11461E-01  7.29324E-02
1.14057E-01  8.11940E-02
1.16714E-01  9.00418E-02
1.19432E-01  9.94784E-02
1.22214E-01  1.09503E-01
1.25061E-01  1.20110E-01
1.27974E-01  1.31291E-01
1.30955E-01  1.43034E-01
1.34005E-01  1.55322E-01
1.37126E-01  1.68137E-01
1.40321E-01  1.81454E-01
1.43589E-01  1.95249E-01
1.46934E-01  2.09492E-01
1.50356E-01  2.24153E-01
1.53858E-01  2.39198E-01
1.57442E-01  2.54591E-01
1.61110E-01  2.70297E-01
1.64862E-01  2.86278E-01
1.68702E-01  3.02493E-01
1.72632E-01  3.18907E-01
1.76653E-01  3.35479E-01
1.80768E-01  3.52170E-01
1.84979E-01  3.68942E-01
1.89287E-01  3.85757E-01
1.93696E-01  4.02579E-01
1.98208E-01  4.19373E-01
2.02825E-01  4.36104E-01
2.07549E-01  4.52741E-01
2.12384E-01  4.69253E-01
2.17331E-01  4.85612E-01
2.22393E-01  5.01791E-01
2.27573E-01  5.17764E-01
2.32874E-01  5.33510E-01
2.38298E-01  5.49008E-01
2.43849E-01  5.64240E-01
2.49529E-01  5.79188E-01
2.55341E-01  5.93838E-01
2.61289E-01  6.08177E-01
2.67375E-01  6.22196E-01
2.73603E-01  6.35884E-01
2.79976E-01  6.49234E-01
2.86498E-01  6.62241E-01
2.93171E-01  6.74899E-01
3.00000E-01  6.87209E-01
3.06988E-01  6.99166E-01
3.14139E-01  7.10770E-01
3.21456E-01  7.22022E-01
3.28943E-01  7.32925E-01
3.36606E-01  7.43480E-01
3.44446E-01  7.53693E-01
3.52469E-01  7.63568E-01
3.60679E-01  7.73105E-01
3.69081E-01  7.82315E-01
3.77678E-01  7.91202E-01
3.86475E-01  7.99774E-01
3.95477E-01  8.08035E-01
4.04689E-01  8.15996E-01
4.14115E-01  8.23659E-01
4.23761E-01  8.31037E-01
4.33632E-01  8.38134E-01
4.43733E-01  8.44960E-01
4.54068E-01  8.51522E-01
4.64645E-01  8.57828E-01
4.75468E-01  8.63885E-01
4.86543E-01  8.69700E-01
4.97876E-01  8.75288E-01
5.09473E-01  8.80648E-01
5.21340E-01  8.85792E-01
5.33484E-01  8.90725E-01
5.45910E-01  8.95456E-01
5.58626E-01  8.99993E-01
5.71638E-01  9.04342E-01
5.84953E-01  9.08509E-01
5.98579E-01  9.12502E-01
6.12521E-01  9.16328E-01
6.26789E-01  9.19992E-01
6.41389E-01  9.23501E-01
6.56328E-01  9.26862E-01
6.71616E-01  9.30079E-01
6.87260E-01  9.33159E-01
7.03269E-01  9.36107E-01
7.19650E-01  9.38928E-01
7.36413E-01  9.41628E-01
7.53566E-01  9.44211E-01
7.71119E-01  9.46683E-01
7.89080E-01  9.49047E-01
8.07460E-01  9.51310E-01
8.26269E-01  9.53471E-01
8.45515E-01  9.55540E-01
8.65209E-01  9.57518E-01
8.85363E-01  9.59410E-01
9.05986E-01  9.61219E-01
9.27089E-01  9.62948E-01
9.48683E-01  9.64601E-01
9.70781E-01  9.66182E-01
9.93393E-01  9.67693E-01
1.01653E+00  9.69137E-01
1.04021E+00  9.70518E-01
1.06444E+00  9.71837E-01
1.08923E+00  9.73098E-01
1.11461E+00  9.74304E-01
1.14057E+00  9.75456E-01
1.16714E+00  9.76557E-01
1.19432E+00  9.77609E-01
1.22214E+00  9.78614E-01
1.25061E+00  9.79575E-01
1.27974E+00  9.80492E-01
1.30955E+00  9.81370E-01
1.34005E+00  9.82208E-01
1.37126E+00  9.83008E-01
1.40321E+00  9.83773E-01
1.43589E+00  9.84504E-01
1.46934E+00  9.85202E-01
1.50356E+00  9.85869E-01
1.53858E+00  9.86507E-01
1.57442E+00  9.87115E-01
1.61110E+00  9.87783E-01
1.64862E+00  9.88332E-01
1.68702E+00  9.88784E-01
1.72632E+00  9.89291E-01
1.76653E+00  9.89775E-01
1.80768E+00  9.90238E-01
1.84979E+00  9.90680E-01
1.89287E+00  9.91102E-01
1.93696E+00  9.91505E-01
1.98208E+00  9.91890E-01
2.02825E+00  9.92258E-01
2.07549E+00  9.92610E-01
2.12384E+00  9.92945E-01
2.17331E+00  9.93266E-01
2.22393E+00  9.93572E-01
2.27573E+00  9.93865E-01
2.32874E+00  9.94144E-01
2.38298E+00  9.94411E-01
2.43849E+00  9.94666E-01
2.49529E+00  9.94909E-01
2.55341E+00  9.95142E-01
2.61289E+00  9.95364E-01
2.67375E+00  9.95576E-01
2.73603E+00  9.95779E-01
2.79976E+00  9.95972E-01
2.86498E+00  9.96157E-01
2.93171E+00  9.96333E-01
3.00000E+00  9.96502E-01
3.06988E+00  9.96663E-01
3.14139E+00  9.96817E-01
3.21456E+00  9.96963E-01
3.28943E+00  9.97104E-01
3.36606E+00  9.97238E-01
3.44446E+00  9.97366E-01
3.52469E+00  9.97488E-01
3.60679E+00  9.97604E-01
3.69081E+00  9.97716E-01
3.77678E+00  9.97822E-01
3.86475E+00  9.97924E-01
3.95477E+00  9.98021E-01
4.04689E+00  9.98114E-01
4.14115E+00  9.98202E-01
4.23761E+00  9.98287E-01
4.33632E+00  9.98368E-01
4.43733E+00  9.98445E-01
4.54068E+00  9.98518E-01
4.64645E+00  9.98589E-01
4.75468E+00  9.98656E-01
4.86543E+00  9.98720E-01
4.97876E+00  9.98781E-01
5.09473E+00  9.98840E-01
5.21340E+00  9.98896E-01
5.33484E+00  9.98949E-01
5.45910E+00  9.99000E-01
5.58626E+00  9.99049E-01
5.71638E+00  9.99095E-01
5.84953E+00  9.99140E-01
5.98579E+00  9.99182E-01
6.12521E+00  9.99223E-01
6.26789E+00  9.99261E-01
6.41389E+00  9.99298E-01
6.56328E+00  9.99334E-01
6.71616E+00  9.99367E-01
6.87260E+00  9.99399E-01
7.03269E+00  9.99430E-01
7.19650E+00  9.99459E-01
7.36413E+00  9.99487E-01
7.53566E+00  9.99514E-01
7.71119E+00  9.99540E-01
7.89080E+00  9.99564E-01
8.07460E+00  9.99587E-01
8.26269E+00  9.99610E-01
8.45515E+00  9.99631E-01
8.65209E+00  9.99651E-01
8.85363E+00  9.99671E-01
9.05986E+00  9.99689E-01
9.27089E+00  9.99707E-01
9.48683E+00  9.99724E-01
9.70781E+00  9.99740E-01
9.93393E+00  9.99755E-01
1.01653E+01  9.99770E-01
1.04021E+01  9.99784E-01
1.06444E+01  9.99797E-01
1.08923E+01  9.99810E-01
1.11461E+01  9.99822E-01
1.14057E+01  9.99834E-01
1.16714E+01  9.99845E-01
1.19432E+01  9.99856E-01
1.22214E+01  9.99866E-01
1.25061E+01  9.99876E-01
1.27974E+01  9.99885E-01
1.30955E+01  9.99894E-01
1.34005E+01  9.99902E-01
1.37126E+01  9.99911E-01
1.40321E+01  9.99918E-01
1.43589E+01  9.99926E-01
1.46934E+01  9.99933E-01
1.50356E+01  9.99939E-01
1.53858E+01  9.99946E-01
1.57442E+01  9.99952E-01
1.61110E+01  9.99958E-01
1.64862E+01  9.99963E-01
1.68702E+01  9.99969E-01
1.72632E+01  9.99974E-01
1.76653E+01  9.99979E-01
1.80768E+01  9.99983E-01
1.84979E+01  9.99988E-01
1.89287E+01  9.99992E-01
1.93696E+01  9.99996E-01
1.98208E+01  1.00000E+00
2.00000E+06  1.00000E+00
