#T_gam (MeV)   rate_m/rate_0
1.0000000E-10  0.0000000E+00
9.9000000E-03  0.0000000E+00
1.0000000E-02  7.8424514E-38
1.0232930E-02  7.2115858E-37
1.0471285E-02  6.2857771E-36
1.0715193E-02  5.1989860E-35
1.0964782E-02  4.0866681E-34
1.1220185E-02  3.0622548E-33
1.1481536E-02  2.1870803E-32
1.1748976E-02  1.4886789E-31
1.2022644E-02  9.6757564E-31
1.2302688E-02  6.0122690E-30
1.2589254E-02  3.5745481E-29
1.2882496E-02  2.0341585E-28
1.3182567E-02  1.1111318E-27
1.3489629E-02  5.8208409E-27
1.3803843E-02  2.9334198E-26
1.4125375E-02  1.4150116E-25
1.4454398E-02  6.6147105E-25
1.4791084E-02  2.9691046E-24
1.5135612E-02  1.2825751E-23
1.5488166E-02  5.3612636E-23
1.5848932E-02  2.1607927E-22
1.6218101E-02  8.4182969E-22
1.6595869E-02  3.1722905E-21
1.6982437E-02  1.1568958E-20
1.7378008E-02  4.0869197E-20
1.7782794E-02  1.3995544E-19
1.8197009E-02  4.6482753E-19
1.8620871E-02  1.4990615E-18
1.9054607E-02  4.6910300E-18
1.9498446E-02  1.4288011E-17
1.9952623E-02  4.2327017E-17
2.0417379E-02  1.2201623E-16
2.0892961E-02  3.4251570E-16
2.1379621E-02  9.3688943E-16
2.1877616E-02  2.4989615E-15
2.2387211E-02  6.5025279E-15
2.2908677E-02  1.6513366E-14
2.3442288E-02  4.0975838E-14
2.3988329E-02  9.9371361E-14
2.4547089E-02  2.3524099E-13
2.5118864E-02  5.4593055E-13
2.5703958E-02  1.2396657E-12
2.6302680E-02  2.7559484E-12
2.6915348E-02  6.0054363E-12
2.7542287E-02  1.2819061E-11
2.8183829E-02  2.6838568E-11
2.8840315E-02  5.5126463E-11
2.9512092E-02  1.1112538E-10
3.0199517E-02  2.2001741E-10
3.0902954E-02  4.2500320E-10
3.1622777E-02  8.0918932E-10
3.2359366E-02  1.5106189E-09
3.3113112E-02  2.7743715E-09
3.3884416E-02  4.9975895E-09
3.4673685E-02  9.2454073E-09
3.5481339E-02  1.6297212E-08
3.6307805E-02  2.8293706E-08
3.7153523E-02  4.8410185E-08
3.8018940E-02  8.1596075E-08
3.8904514E-02  1.3575758E-07
3.9810717E-02  2.2254109E-07
4.0738028E-02  3.6024807E-07
4.1686938E-02  5.7565412E-07
4.2657952E-02  9.0807789E-07
4.3651583E-02  1.4144753E-06
4.4668359E-02  2.1756414E-06
4.5708819E-02  3.3098901E-06
4.6773514E-02  4.9737059E-06
4.7863009E-02  7.3932292E-06
4.8977882E-02  1.0868678E-05
5.0118723E-02  1.5803004E-05
5.1286138E-02  2.2739399E-05
5.2480746E-02  3.2379102E-05
5.3703180E-02  4.5667214E-05
5.4954087E-02  6.3765507E-05
5.6234133E-02  8.8174567E-05
5.7543994E-02  9.4812775E-05
5.8884366E-02  1.4987167E-04
6.0255959E-02  1.7643256E-04
6.1659500E-02  2.3253017E-04
6.3095734E-02  3.8961408E-04
6.4565423E-02  5.1126692E-04
6.6069345E-02  6.6546386E-04
6.7608298E-02  8.5936217E-04
6.9183097E-02  1.1012771E-03
7.0794578E-02  1.4010268E-03
7.2443596E-02  1.7692948E-03
7.4131024E-02  2.2186602E-03
7.5857758E-02  2.7627940E-03
7.7624712E-02  3.4174708E-03
7.9432823E-02  4.1993224E-03
8.1283052E-02  5.1273980E-03
8.3176377E-02  6.2209249E-03
8.5113804E-02  7.5025467E-03
8.7096359E-02  8.9947534E-03
8.9125094E-02  1.0721865E-02
9.1201084E-02  1.2708240E-02
9.3325430E-02  1.4979966E-02
9.5499259E-02  1.7564154E-02
9.7723722E-02  2.0487162E-02
1.0000000E-01  2.3775536E-02
1.0232930E-01  2.7456185E-02
1.0471285E-01  3.1554653E-02
1.0715193E-01  3.6094375E-02
1.0964782E-01  4.1102050E-02
1.1220185E-01  4.6588089E-02
1.1481536E-01  5.2589354E-02
1.1748976E-01  5.9115261E-02
1.2022644E-01  6.6180782E-02
1.2302688E-01  7.3799265E-02
1.2589254E-01  8.1975767E-02
1.2882496E-01  9.0718925E-02
1.3182567E-01  1.0003025E-01
1.3489629E-01  1.0990909E-01
1.3803843E-01  1.2030127E-01
1.4125375E-01  1.3128934E-01
1.4454398E-01  1.4282996E-01
1.4791084E-01  1.5489171E-01
1.5135612E-01  1.6746120E-01
1.5488166E-01  1.8052129E-01
1.5848932E-01  1.9408028E-01
1.6218101E-01  2.0800164E-01
1.6595869E-01  2.2236833E-01
1.6982437E-01  2.3710793E-01
1.7378008E-01  2.5223007E-01
1.7782794E-01  2.6759271E-01
1.8197009E-01  2.8324953E-01
1.8620871E-01  2.9917439E-01
1.9054607E-01  3.1526178E-01
1.9498446E-01  3.3157068E-01
1.9952623E-01  3.4793057E-01
2.0417379E-01  3.6441732E-01
2.0892961E-01  3.8095780E-01
2.1379621E-01  3.9752085E-01
2.1877616E-01  4.1410419E-01
2.2387211E-01  4.3056856E-01
2.2908677E-01  4.4698420E-01
2.3442288E-01  4.6331323E-01
2.3988329E-01  4.7951033E-01
2.4547089E-01  4.9551570E-01
2.5118864E-01  5.1134774E-01
2.5703958E-01  5.2697642E-01
2.6302680E-01  5.4237065E-01
2.6915348E-01  5.5753089E-01
2.7542287E-01  5.7241418E-01
2.8183829E-01  5.8702117E-01
2.8840315E-01  6.0132348E-01
2.9512092E-01  6.1534723E-01
3.0199517E-01  6.2903815E-01
3.0902954E-01  6.4243234E-01
3.1622777E-01  6.5546334E-01
3.2359366E-01  6.6816773E-01
3.3113112E-01  6.8054606E-01
3.3884416E-01  6.9256857E-01
3.4673685E-01  7.0426452E-01
3.5481339E-01  7.1561415E-01
3.6307805E-01  7.2661902E-01
3.7153523E-01  7.3728785E-01
3.8018940E-01  7.4761822E-01
3.8904514E-01  7.5762340E-01
3.9810717E-01  7.6729425E-01
4.0738028E-01  7.7664277E-01
4.1686938E-01  7.8565944E-01
4.2657952E-01  7.9437830E-01
4.3651583E-01  8.0278815E-01
4.4668359E-01  8.1089618E-01
4.5708819E-01  8.1870499E-01
4.6773514E-01  8.2623103E-01
4.7863009E-01  8.3348496E-01
4.8977882E-01  8.4045525E-01
5.0118723E-01  8.4716249E-01
5.1286138E-01  8.5363170E-01
5.2480746E-01  8.5983340E-01
5.3703180E-01  8.6577965E-01
5.4954087E-01  8.7152388E-01
5.6234133E-01  8.7700783E-01
5.7543994E-01  8.8229006E-01
5.8884366E-01  8.8735360E-01
6.0255959E-01  8.9222237E-01
6.1659500E-01  8.9688406E-01
6.3095734E-01  9.0135642E-01
6.4565423E-01  9.0565408E-01
6.6069345E-01  9.0976212E-01
6.7608298E-01  9.1370437E-01
6.9183097E-01  9.1747893E-01
7.0794578E-01  9.2110015E-01
7.2443596E-01  9.2457411E-01
7.4131024E-01  9.2789714E-01
7.5857758E-01  9.3107474E-01
7.7624712E-01  9.3411669E-01
7.9432823E-01  9.3702539E-01
8.1283052E-01  9.3981185E-01
8.3176377E-01  9.4248300E-01
8.5113804E-01  9.4503569E-01
8.7096359E-01  9.4748351E-01
8.9125094E-01  9.4982425E-01
9.1201084E-01  9.5206242E-01
9.3325430E-01  9.5420324E-01
9.5499259E-01  9.5625139E-01
9.7723722E-01  9.5820736E-01
1.0000000E+00  9.6008039E-01
1.0232930E+00  9.6187525E-01
1.0471285E+00  9.6358845E-01
1.0715193E+00  9.6522674E-01
1.0964782E+00  9.6679083E-01
1.1220185E+00  9.6828759E-01
1.1481536E+00  9.6972507E-01
1.1748976E+00  9.7108843E-01
1.2022644E+00  9.7240003E-01
1.2302688E+00  9.7364850E-01
1.2589254E+00  9.7485407E-01
1.2882496E+00  9.7598466E-01
1.3182567E+00  9.7707507E-01
1.3489629E+00  9.7812021E-01
1.3803843E+00  9.7911587E-01
1.4125375E+00  9.8007052E-01
1.4454398E+00  9.8097861E-01
1.4791084E+00  9.8184762E-01
1.5135612E+00  9.8267916E-01
1.5488166E+00  9.8347557E-01
1.5848932E+00  9.8423168E-01
1.6218101E+00  9.8495811E-01
1.6595869E+00  9.8565152E-01
1.6982437E+00  9.8631166E-01
1.7378008E+00  9.8693765E-01
1.7782794E+00  9.8753815E-01
1.8197009E+00  9.8812340E-01
1.8620871E+00  9.8867522E-01
1.9054607E+00  9.8920360E-01
1.9498446E+00  9.8970751E-01
1.9952623E+00  9.9018743E-01
2.0417379E+00  9.9064472E-01
2.0892961E+00  9.9107710E-01
2.1379621E+00  9.9150374E-01
2.1877616E+00  9.9190385E-01
2.2387211E+00  9.9228771E-01
2.2908677E+00  9.9265047E-01
2.3442288E+00  9.9299872E-01
2.3988329E+00  9.9333206E-01
2.4547089E+00  9.9365020E-01
2.5118864E+00  9.9395441E-01
2.5703958E+00  9.9424217E-01
2.6302680E+00  9.9451913E-01
2.6915348E+00  9.9478585E-01
2.7542287E+00  9.9503588E-01
2.8183829E+00  9.9527717E-01
2.8840315E+00  9.9550967E-01
2.9512092E+00  9.9572814E-01
3.0199517E+00  9.9593810E-01
3.0902954E+00  9.9613901E-01
3.1622777E+00  9.9632483E-01
3.2359366E+00  9.9651386E-01
3.3113112E+00  9.9669098E-01
3.3884416E+00  9.9685813E-01
3.4673685E+00  9.9700973E-01
3.5481339E+00  9.9716826E-01
3.6307805E+00  9.9730780E-01
3.7153523E+00  9.9744493E-01
3.8018940E+00  9.9757764E-01
3.8904514E+00  9.9773869E-01
3.9810717E+00  9.9783622E-01
4.0738028E+00  9.9795188E-01
4.1686938E+00  9.9805995E-01
4.2657952E+00  9.9815984E-01
4.3651583E+00  9.9826679E-01
4.4668359E+00  9.9836510E-01
4.5708819E+00  9.9844902E-01
4.6773514E+00  9.9854476E-01
4.7863009E+00  9.9862047E-01
4.8977882E+00  9.9870880E-01
5.0118723E+00  9.9877716E-01
5.1286138E+00  9.9885818E-01
5.2480746E+00  9.9892613E-01
5.3703180E+00  9.9899039E-01
5.4954087E+00  9.9905845E-01
5.6234133E+00  9.9911126E-01
5.7543994E+00  9.9916918E-01
5.8884366E+00  9.9923280E-01
6.0255959E+00  9.9928581E-01
6.1659500E+00  9.9932826E-01
6.3095734E+00  9.9938273E-01
6.4565423E+00  9.9943099E-01
6.6069345E+00  9.9947304E-01
6.7608298E+00  9.9951720E-01
6.9183097E+00  9.9955514E-01
7.0794578E+00  9.9959575E-01
7.2443596E+00  9.9963034E-01
7.4131024E+00  9.9966535E-01
7.5857758E+00  9.9970062E-01
7.7624712E+00  9.9973285E-01
7.9432823E+00  9.9976317E-01
8.1283052E+00  9.9979028E-01
8.3176377E+00  9.9981783E-01
8.5113804E+00  9.9984701E-01
8.7096359E+00  9.9986749E-01
8.9125094E+00  9.9989175E-01
9.1201084E+00  9.9991946E-01
9.3325430E+00  9.9996516E-01
9.5499259E+00  9.9996053E-01
9.7723722E+00  9.9998048E-01
1.0000000E+01  1.0000000E+00
2.0000000E+10  1.0000000E+00
