#time (s)      Tγ/mϕ         Tν/Tγ           μν/Tγ             Tϕ/Tγ          μϕ/Tγ         H/Tγ2        rhotot/Tγ4      ptot/Tγ4      ρnu/Tγ4        ρϕ/Tγ4            pϕ/Tγ4            nnu/Tγ3        nϕ/Tγ3
1682.497      27.96586      0.7173266      -0.004130748      0.4799888      -2.075932      3.053551      1.112992      0.3709971      0.4548043      0.0002135988      0.00007113413      0.2012365      0.0001483222
1732.742      27.5574      0.7173663      -0.00431381      0.4800453      -2.055172      3.053551      1.112992      0.3709971      0.4547946      0.0002232624      0.00007435035      0.2012231      0.0001550158
1784.488      27.15492      0.7174078      -0.004504993      0.4801053      -2.03445      3.053551      1.112992      0.3709971      0.4547845      0.0002333565      0.00007770972      0.2012091      0.0001620059
1837.779      26.75831      0.7174511      -0.004704652      0.4801687      -2.013765      3.053551      1.112992      0.3709971      0.454774      0.0002439002      0.00008121851      0.2011945      0.0001693054
1892.662      26.36749      0.7174963      -0.004913157      0.4802357      -1.993118      3.053551      1.112992      0.3709971      0.454763      0.0002549131      0.00008488329      0.2011792      0.0001769276
1949.183      25.98238      0.7175436      -0.005130892      0.4803064      -1.972509      3.053551      1.112992      0.3709971      0.4547515      0.0002664159      0.00008871088      0.2011633      0.0001848866
2007.393      25.6029      0.7175929      -0.005358257      0.4803808      -1.951939      3.053551      1.112992      0.3709971      0.4547395      0.0002784299      0.00009270838      0.2011467      0.0001931969
2067.34      25.22896      0.7176443      -0.005595672      0.4804592      -1.931407      3.053551      1.112992      0.3709971      0.4547269      0.0002909775      0.00009688323      0.2011293      0.0002018737
2129.078      24.86048      0.7176981      -0.005843571      0.4805415      -1.910914      3.053551      1.112992      0.3709971      0.4547138      0.0003040821      0.0001012431      0.2011112      0.0002109327
2192.66      24.49738      0.7177542      -0.006102406      0.4806279      -1.890461      3.053551      1.112992      0.3709971      0.4547002      0.0003177679      0.0001057962      0.2010923      0.0002203905
2258.14      24.13959      0.7178128      -0.006372651      0.4807185      -1.870048      3.053551      1.112992      0.3709971      0.4546859      0.0003320603      0.0001105507      0.2010726      0.000230264
2325.576      23.78702      0.7178739      -0.006654797      0.4808134      -1.849676      3.053551      1.112992      0.370997      0.454671      0.0003469856      0.0001155155      0.201052      0.0002405712
2395.026      23.4396      0.7179378      -0.006949354      0.4809129      -1.829345      3.053551      1.112992      0.370997      0.4546554      0.0003625712      0.0001206997      0.2010304      0.0002513305
2466.55      23.09725      0.7180044      -0.007256856      0.4810169      -1.809057      3.053551      1.112992      0.370997      0.4546391      0.0003788459      0.0001261127      0.201008      0.0002625613
2540.21      22.75991      0.7180739      -0.007577856      0.4811258      -1.788811      3.053551      1.112992      0.370997      0.4546221      0.0003958394      0.0001317645      0.2009845      0.0002742834
2616.069      22.42749      0.7181465      -0.00791293      0.4812395      -1.768609      3.053551      1.112992      0.370997      0.4546044      0.0004135828      0.0001376652      0.2009601      0.0002865179
2694.194      22.09993      0.7182223      -0.008262678      0.4813583      -1.748452      3.053551      1.112992      0.370997      0.4545859      0.0004321083      0.0001438256      0.2009345      0.0002992863
2774.652      21.77715      0.7183013      -0.008627725      0.4814824      -1.728341      3.053551      1.112992      0.370997      0.4545665      0.0004514496      0.0001502568      0.2009079      0.0003126111
2857.513      21.45909      0.7183838      -0.009008717      0.481612      -1.708277      3.053552      1.112992      0.370997      0.4545464      0.0004716416      0.0001569705      0.2008801      0.0003265158
2942.848      21.14567      0.7184699      -0.009406329      0.4817471      -1.68826      3.053552      1.112992      0.3709969      0.4545253      0.0004927209      0.0001639786      0.200851      0.0003410246
3030.732      20.83683      0.7185598      -0.009821261      0.4818881      -1.668292      3.053552      1.112992      0.3709969      0.4545033      0.0005147252      0.0001712937      0.2008208      0.0003561628
3121.24      20.53249      0.7186535      -0.01025424      0.482035      -1.648374      3.053552      1.112992      0.3709969      0.4544803      0.000537694      0.0001789289      0.2007892      0.0003719565
3214.451      20.23261      0.7187512      -0.01070603      0.4821882      -1.628508      3.053552      1.112992      0.3709969      0.4544564      0.0005616682      0.0001868976      0.2007562      0.000388433
3310.446      19.9371      0.7188532      -0.0111774      0.4823479      -1.608694      3.053552      1.112992      0.3709969      0.4544314      0.0005866905      0.000195214      0.2007219      0.0004056204
3409.308      19.64591      0.7189596      -0.01166918      0.4825142      -1.588935      3.053552      1.112992      0.3709969      0.4544053      0.0006128051      0.0002038927      0.200686      0.0004235481
3511.121      19.35898      0.7190706      -0.01218221      0.4826875      -1.569231      3.053552      1.112992      0.3709968      0.454378      0.000640058      0.0002129489      0.2006486      0.0004422463
3615.976      19.07623      0.7191863      -0.01271738      0.4828679      -1.549585      3.053552      1.112992      0.3709968      0.4543496      0.0006684971      0.0002223984      0.2006096      0.0004617465
3723.961      18.79761      0.719307      -0.01327558      0.4830557      -1.529997      3.053552      1.112992      0.3709968      0.45432      0.0006981719      0.0002322576      0.2005689      0.0004820812
3835.172      18.52307      0.7194329      -0.01385776      0.4832512      -1.510469      3.053552      1.112992      0.3709968      0.454289      0.0007291341      0.0002425435      0.2005265      0.0005032844
3949.703      18.25253      0.7195641      -0.01446491      0.4834547      -1.491004      3.053552      1.112992      0.3709967      0.4542567      0.000761437      0.0002532738      0.2004823      0.0005253908
4067.655      17.98594      0.7197009      -0.01509804      0.4836665      -1.471602      3.053552      1.112992      0.3709967      0.4542231      0.0007951364      0.0002644668      0.2004362      0.0005484366
4189.13      17.72325      0.7198435      -0.01575819      0.4838868      -1.452266      3.053552      1.112992      0.3709967      0.4541879      0.0008302896      0.0002761416      0.2003882      0.0005724593
4314.232      17.4644      0.7199921      -0.01644646      0.4841159      -1.432998      3.053552      1.112992      0.3709966      0.4541513      0.0008669566      0.0002883177      0.2003381      0.0005974975
4443.07      17.20932      0.720147      -0.01716398      0.4843543      -1.4138      3.053552      1.112992      0.3709966      0.4541131      0.0009051991      0.0003010157      0.2002859      0.0006235912
4575.755      16.95797      0.7203084      -0.0179119      0.4846022      -1.394673      3.053552      1.112992      0.3709965      0.4540732      0.0009450813      0.0003142566      0.2002315      0.0006507816
4712.403      16.71029      0.7204766      -0.01869144      0.4848599      -1.375621      3.053552      1.112992      0.3709965      0.4540317      0.0009866698      0.0003280624      0.2001749      0.0006791114
4853.132      16.46623      0.7206519      -0.01950383      0.4851279      -1.356644      3.053552      1.112992      0.3709965      0.4539884      0.001030033      0.0003424557      0.2001158      0.0007086246
4998.063      16.22574      0.7208344      -0.02035036      0.4854065      -1.337746      3.053552      1.112992      0.3709964      0.4539432      0.001075243      0.00035746      0.2000544      0.0007393665
5147.323      15.98875      0.7210246      -0.02123237      0.485696      -1.318929      3.053552      1.112992      0.3709963      0.4538961      0.001122373      0.0003730996      0.1999903      0.0007713839
5301.04      15.75523      0.7212226      -0.02215121      0.4859969      -1.300194      3.053552      1.112992      0.3709963      0.453847      0.001171498      0.0003893994      0.1999236      0.0008047247
5459.348      15.52512      0.7214288      -0.02310832      0.4863096      -1.281546      3.053552      1.112992      0.3709962      0.4537959      0.001222699      0.0004063855      0.1998542      0.0008394387
5622.383      15.29837      0.7216435      -0.02410513      0.4866345      -1.262986      3.053552      1.112992      0.3709962      0.4537426      0.001276056      0.0004240845      0.1997819      0.0008755767
5790.287      15.07493      0.721867      -0.02514315      0.486972      -1.244517      3.053552      1.112992      0.3709961      0.453687      0.001331654      0.0004425241      0.1997067      0.000913191
5963.205      14.85475      0.7220995      -0.02622393      0.4873226      -1.226142      3.053553      1.112992      0.370996      0.4536292      0.001389578      0.0004617327      0.1996284      0.0009523354
6141.287      14.63779      0.7223416      -0.02734905      0.4876867      -1.207863      3.053553      1.112992      0.3709959      0.4535689      0.001449919      0.0004817397      0.199547      0.000993065
6324.687      14.424      0.7225934      -0.02852014      0.4880648      -1.189684      3.053553      1.112993      0.3709958      0.4535061      0.001512768      0.0005025753      0.1994622      0.001035436
6513.564      14.21333      0.7228553      -0.02973889      0.4884575      -1.171607      3.053553      1.112993      0.3709957      0.4534407      0.001578222      0.0005242707      0.1993741      0.001079507
6708.082      14.00574      0.7231277      -0.031007      0.4888651      -1.153636      3.053553      1.112993      0.3709956      0.4533727      0.001646376      0.0005468579      0.1992824      0.001125337
6908.409      13.80118      0.723411      -0.03232625      0.4892883      -1.135773      3.053553      1.112993      0.3709955      0.4533018      0.001717333      0.0005703699      0.1991871      0.001172987
7114.718      13.59961      0.7237055      -0.03369845      0.4897275      -1.118022      3.053553      1.112993      0.3709954      0.453228      0.001791194      0.0005948405      0.1990881      0.001222517
7327.188      13.40098      0.7240117      -0.03512543      0.4901833      -1.100387      3.053553      1.112993      0.3709953      0.4531513      0.001868068      0.0006203044      0.1989851      0.001273992
7546.003      13.20526      0.7243298      -0.03660909      0.4906563      -1.08287      3.053553      1.112993      0.3709951      0.4530714      0.001948062      0.0006467973      0.1988781      0.001327475
7771.353      13.01239      0.7246603      -0.03815136      0.491147      -1.065474      3.053554      1.112993      0.370995      0.4529883      0.002031288      0.0006743558      0.198767      0.001383031
8003.433      12.82234      0.7250035      -0.0397542      0.491656      -1.048205      3.053554      1.112993      0.3709948      0.4529018      0.002117862      0.0007030171      0.1986516      0.001440728
8242.443      12.63506      0.72536      -0.04141962      0.4921839      -1.031064      3.053554      1.112993      0.3709947      0.4528119      0.002207899      0.0007328197      0.1985318      0.001500632
8488.592      12.45052      0.7257301      -0.04314965      0.4927313      -1.014056      3.053554      1.112994      0.3709945      0.4527184      0.002301521      0.0007638025      0.1984075      0.00156281
8742.09      12.26867      0.7261142      -0.04494637      0.4932989      -0.9971844      3.053554      1.112994      0.3709943      0.4526213      0.00239885      0.0007960056      0.1982784      0.001627333
9003.16      12.08948      0.7265127      -0.04681188      0.4938873      -0.9804531      3.053555      1.112994      0.3709941      0.4525203      0.00250001      0.0008294696      0.1981446      0.00169427
9272.025      11.91291      0.7269261      -0.04874831      0.4944971      -0.963866      3.053555      1.112994      0.3709939      0.4524153      0.002605131      0.000864236      0.1980057      0.00176369
9548.92      11.73892      0.7273548      -0.0507578      0.495129      -0.9474271      3.053555      1.112994      0.3709937      0.4523063      0.00271434      0.0009003471      0.1978618      0.001835664
9834.084      11.56747      0.7277993      -0.05284252      0.4957838      -0.9311403      3.053555      1.112994      0.3709934      0.4521931      0.002827771      0.0009378456      0.1977126      0.001910263
10127.76      11.39852      0.7282598      -0.05500466      0.496462      -0.9150097      3.053556      1.112995      0.3709932      0.4520755      0.002945557      0.0009767751      0.197558      0.001987556
10430.21      11.23204      0.728737      -0.05724642      0.4971644      -0.8990396      3.053556      1.112995      0.3709929      0.4519535      0.003067835      0.00101718      0.1973979      0.002067615
10741.7      11.06799      0.7292312      -0.05956999      0.4978918      -0.8832341      3.053556      1.112995      0.3709926      0.4518268      0.003194743      0.001059104      0.1972321      0.002150509
11062.48      10.90634      0.7297428      -0.06197757      0.4986447      -0.8675975      3.053557      1.112995      0.3709923      0.4516954      0.003326419      0.001102593      0.1970605      0.002236308
11392.85      10.74705      0.7302722      -0.06447137      0.4994241      -0.8521342      3.053557      1.112996      0.3709919      0.4515591      0.003463005      0.001147692      0.1968829      0.002325081
11733.08      10.59008      0.73082      -0.06705356      0.5002306      -0.8368486      3.053558      1.112996      0.3709916      0.4514178      0.003604643      0.001194447      0.1966993      0.002416895
12083.47      10.43541      0.7313864      -0.0697263      0.5010649      -0.8217452      3.053558      1.112996      0.3709912      0.4512712      0.003751474      0.001242904      0.1965095      0.002511817
12444.32      10.28299      0.7319718      -0.07249173      0.5019279      -0.8068284      3.053558      1.112997      0.3709908      0.4511194      0.003903643      0.001293108      0.1963133      0.002609912
12815.95      10.13281      0.7325768      -0.07535196      0.5028203      -0.7921029      3.053559      1.112997      0.3709904      0.4509621      0.004061292      0.001345107      0.1961106      0.002711242
13198.68      9.984812      0.7332015      -0.07830902      0.5037429      -0.7775732      3.05356      1.112997      0.3709899      0.4507993      0.004224566      0.001398945      0.1959014      0.002815868
13592.84      9.83898      0.7338464      -0.08136493      0.5046965      -0.7632441      3.05356      1.112998      0.3709894      0.4506306      0.004393607      0.001454669      0.1956854      0.002923849
13998.77      9.695277      0.7345119      -0.08452161      0.5056819      -0.7491203      3.053561      1.112998      0.3709889      0.4504561      0.004568557      0.001512323      0.1954626      0.003035239
14416.82      9.553673      0.7351982      -0.08778094      0.5066998      -0.7352065      3.053561      1.112999      0.3709884      0.4502756      0.004749557      0.001571953      0.1952329      0.003150092
14847.36      9.414137      0.7359056      -0.09114467      0.5077512      -0.7215076      3.053562      1.112999      0.3709878      0.4500889      0.004936747      0.001633603      0.1949962      0.003268455
15290.75      9.27664      0.7366345      -0.09461448      0.5088367      -0.7080283      3.053563      1.113      0.3709872      0.449896      0.005130263      0.001697317      0.1947523      0.003390373
15747.39      9.14115      0.737385      -0.09819195      0.5099572      -0.6947737      3.053564      1.113      0.3709865      0.4496966      0.005330241      0.001763136      0.1945013      0.003515886
16217.66      9.007639      0.7381573      -0.1018785      0.5111135      -0.6817485      3.053564      1.113001      0.3709859      0.4494906      0.005536812      0.001831103      0.194243      0.00364503
16701.97      8.876079      0.7389517      -0.1056754      0.5123065      -0.6689579      3.053565      1.113002      0.3709851      0.449278      0.005750104      0.001901258      0.1939774      0.003777835
17200.75      8.746439      0.7397683      -0.1095839      0.5135369      -0.6564067      3.053566      1.113002      0.3709844      0.4490586      0.005970241      0.001973639      0.1937044      0.003914325
17714.43      8.618694      0.7406071      -0.1136048      0.5148056      -0.6441001      3.053567      1.113003      0.3709836      0.4488322      0.006197343      0.002048283      0.1934241      0.00405452
18243.44      8.492813      0.7414683      -0.1177391      0.5161134      -0.632043      3.053568      1.113004      0.3709827      0.4485988      0.006431522      0.002125226      0.1931362      0.004198431
18788.25      8.368772      0.7423518      -0.1219872      0.517461      -0.6202407      3.05357      1.113005      0.3709818      0.4483583      0.006672888      0.002204501      0.192841      0.004346062
19349.34      8.246542      0.7432577      -0.1263495      0.5188494      -0.6086982      3.053571      1.113006      0.3709809      0.4481106      0.006921542      0.002286139      0.1925383      0.004497412
19927.18      8.126097      0.7441857      -0.1308263      0.5202793      -0.5974207      3.053572      1.113007      0.3709799      0.4478555      0.007177578      0.002370169      0.1922282      0.00465247
20522.27      8.007411      0.7451359      -0.1354173      0.5217515      -0.5864136      3.053574      1.113008      0.3709788      0.447593      0.007441082      0.002456615      0.1919107      0.004811217
21135.14      7.890459      0.7461078      -0.1401222      0.5232669      -0.5756819      3.053575      1.113009      0.3709777      0.447323      0.007712134      0.002545503      0.1915858      0.004973627
21766.31      7.775215      0.7471014      -0.1449403      0.5248262      -0.5652311      3.053577      1.11301      0.3709766      0.4470455      0.007990801      0.002636851      0.1912538      0.005139663
22416.32      7.661654      0.7481162      -0.1498706      0.5264304      -0.5550665      3.053578      1.113011      0.3709753      0.4467604      0.008277144      0.002730676      0.1909145      0.005309278
23085.75      7.549752      0.7491518      -0.1549118      0.5280801      -0.5451934      3.05358      1.113012      0.3709741      0.4464676      0.008571211      0.002826991      0.1905683      0.005482417
23775.17      7.439484      0.7502078      -0.1600622      0.5297761      -0.5356174      3.053582      1.113014      0.3709727      0.4461671      0.00887304      0.002925807      0.1902151      0.005659013
24485.18      7.330826      0.7512835      -0.1653199      0.5315194      -0.526344      3.053584      1.113015      0.3709713      0.445859      0.009182657      0.003027127      0.1898551      0.005838989
25216.4      7.223756      0.7523784      -0.1706825      0.5333106      -0.5173786      3.053586      1.113017      0.3709699      0.4455431      0.009500075      0.003130955      0.1894886      0.006022258
25969.45      7.118249      0.7534917      -0.1761471      0.5351507      -0.508727      3.053588      1.113018      0.3709683      0.4452195      0.009825295      0.003237287      0.1891157      0.00620872
26744.99      7.014283      0.7546226      -0.1817107      0.5370403      -0.5003948      3.053591      1.11302      0.3709667      0.4448882      0.01015831      0.003346116      0.1887366      0.006398265
27543.68      6.911835      0.7557702      -0.1873694      0.5389803      -0.4923878      3.053593      1.113022      0.3709651      0.4445492      0.01049908      0.00345743      0.1883516      0.00659077
28366.23      6.810884      0.7569335      -0.1931194      0.5409715      -0.4847118      3.053596      1.113024      0.3709633      0.4442027      0.01084757      0.003571213      0.1879609      0.006786102
29213.35      6.711407      0.7581115      -0.1989561      0.5430147      -0.4773728      3.053599      1.113026      0.3709615      0.4438485      0.01120372      0.003687441      0.1875649      0.006984114
30085.76      6.613383      0.759303      -0.2048746      0.5451108      -0.4703768      3.053601      1.113028      0.3709596      0.4434869      0.01156747      0.00380609      0.1871638      0.00718465
30984.23      6.516791      0.7605066      -0.2108694      0.5472604      -0.4637299      3.053605      1.11303      0.3709576      0.4431179      0.01193872      0.003927126      0.186758      0.00738754
31909.52      6.421609      0.7617212      -0.2169347      0.5494645      -0.4574382      3.053608      1.113033      0.3709556      0.4427417      0.01231737      0.004050512      0.1863479      0.007592604
32862.45      6.327818      0.7629451      -0.2230641      0.5517239      -0.4515081      3.053611      1.113035      0.3709535      0.4423582      0.01270329      0.004176207      0.1859338      0.007799648
33843.84      6.235396      0.7641769      -0.2292506      0.5540393      -0.4459459      3.053615      1.113038      0.3709513      0.4419678      0.01309635      0.00430416      0.1855162      0.008008469
34854.54      6.144324      0.765415      -0.2354872      0.5564116      -0.4407581      3.053619      1.113041      0.370949      0.4415705      0.0134964      0.00443432      0.1850954      0.008218852
35895.41      6.054583      0.7666576      -0.2417658      0.5588417      -0.4359513      3.053623      1.113043      0.3709467      0.4411666      0.01390326      0.004566626      0.1846719      0.008430574
36967.38      5.966152      0.767903      -0.2480785      0.5613304      -0.4315321      3.053627      1.113047      0.3709443      0.4407562      0.01431674      0.004701015      0.1842463      0.008643401
38071.35      5.879012      0.7691492      -0.2544164      0.5638784      -0.4275072      3.053631      1.11305      0.3709418      0.4403395      0.01473664      0.004837418      0.1838189      0.008857087
39208.29      5.793145      0.7703944      -0.2607705      0.5664867      -0.4238835      3.053636      1.113053      0.3709392      0.4399168      0.01516273      0.004975758      0.1833903      0.009071382
40379.19      5.708532      0.7716364      -0.2671314      0.569156      -0.4206677      3.053641      1.113057      0.3709366      0.4394883      0.01559478      0.005115956      0.182961      0.009286027
41585.05      5.625155      0.7728733      -0.2734892      0.5718872      -0.4178668      3.053646      1.11306      0.3709339      0.4390543      0.01603254      0.005257927      0.1825316      0.009500754
42826.93      5.542995      0.7741028      -0.2798338      0.5746811      -0.4154875      3.053651      1.113064      0.3709311      0.438615      0.01647574      0.005401581      0.1821025      0.009715294
44105.89      5.462036      0.7753229      -0.2861548      0.5775384      -0.4135368      3.053657      1.113068      0.3709283      0.4381707      0.01692409      0.005546824      0.1816744      0.009929369
45423.04      5.382259      0.7765313      -0.2924415      0.5804599      -0.4120215      3.053663      1.113073      0.3709253      0.4377217      0.01737729      0.005693557      0.1812477      0.0101427
46779.53      5.303647      0.7777258      -0.298683      0.5834464      -0.4109482      3.053669      1.113077      0.3709224      0.4372685      0.01783505      0.005841678      0.1808231      0.01035501
48176.53      5.226183      0.7789041      -0.3048685      0.5864984      -0.4103234      3.053675      1.113082      0.3709193      0.4368111      0.01829704      0.00599108      0.1804011      0.01056602
49615.25      5.14985      0.7800641      -0.3109868      0.5896166      -0.4101536      3.053682      1.113087      0.3709162      0.4363501      0.01876292      0.006141656      0.1799822      0.01077544
51096.94      5.074632      0.7812034      -0.3170269      0.5928016      -0.4104447      3.053689      1.113092      0.3709131      0.4358857      0.01923237      0.006293291      0.1795671      0.010983
52622.87      5.000513      0.7823199      -0.3229778      0.5960539      -0.4112025      3.053696      1.113097      0.3709099      0.4354184      0.01970502      0.006445873      0.1791562      0.01118842
54194.37      4.927476      0.7834115      -0.3288288      0.5993737      -0.4124324      3.053704      1.113103      0.3709066      0.4349484      0.02018053      0.006599283      0.1787502      0.01139145
55812.81      4.855506      0.7844761      -0.3345692      0.6027614      -0.4141389      3.053712      1.113108      0.3709033      0.4344761      0.02065854      0.006753403      0.1783495      0.01159182
57479.57      4.784587      0.7855117      -0.3401889      0.6062171      -0.4163264      3.05372      1.113114      0.3709      0.434002      0.02113868      0.006908115      0.1779545      0.01178928
59196.11      4.714703      0.7865163      -0.3456779      0.6097406      -0.4189982      3.053728      1.11312      0.3708966      0.4335263      0.02162058      0.007063297      0.1775659      0.01198359
60963.91      4.64584      0.7874883      -0.3510268      0.6133318      -0.422157      3.053737      1.113127      0.3708932      0.4330494      0.02210389      0.00721883      0.177184      0.01217453
62784.51      4.577983      0.788426      -0.3562268      0.6169902      -0.4258043      3.053746      1.113134      0.3708897      0.4325718      0.02258822      0.007374592      0.1768093      0.0123619
64659.47      4.511117      0.7893277      -0.3612697      0.6207152      -0.4299408      3.053756      1.113141      0.3708863      0.4320938      0.02307323      0.007530465      0.1764421      0.01254548
66590.43      4.445227      0.7901923      -0.3661482      0.6245058      -0.4345656      3.053766      1.113148      0.3708828      0.4316157      0.02355854      0.007686328      0.1760829      0.01272511
68579.05      4.3803      0.7910184      -0.3708554      0.6283608      -0.4396768      3.053776      1.113155      0.3708792      0.4311379      0.0240438      0.007842066      0.1757318      0.01290063
70627.06      4.316321      0.7918052      -0.3753855      0.6322786      -0.4452707      3.053787      1.113163      0.3708757      0.4306608      0.02452866      0.00799756      0.1753893      0.01307189
72736.23      4.253276      0.7925518      -0.3797338      0.6362573      -0.4513422      3.053798      1.113171      0.3708721      0.4301847      0.02501277      0.008152697      0.1750555      0.01323879
74908.39      4.191152      0.7932576      -0.3838962      0.6402948      -0.4578841      3.053809      1.113179      0.3708686      0.42971      0.02549579      0.008307365      0.1747307      0.01340122
77145.41      4.129935      0.7939222      -0.3878698      0.6443883      -0.4648876      3.053821      1.113188      0.370865      0.429237      0.02597738      0.008461452      0.1744149      0.0135591
79449.24      4.069612      0.7945456      -0.3916526      0.6485349      -0.4723416      3.053833      1.113197      0.3708614      0.428766      0.02645723      0.008614849      0.1741083      0.01371238
81821.87      4.01017      0.7951276      -0.3952438      0.6527309      -0.4802332      3.053846      1.113206      0.3708578      0.4282974      0.026935      0.00876745      0.173811      0.01386103
84265.36      3.951597      0.7956686      -0.3986434      0.6569725      -0.488547      3.053859      1.113215      0.3708542      0.4278314      0.0274104      0.008919148      0.173523      0.01400503
86781.82      3.893878      0.796169      -0.4018525      0.6612552      -0.4972654      3.053872      1.113225      0.3708505      0.4273685      0.0278831      0.009069839      0.1732443      0.0141444
89373.43      3.837003      0.7966295      -0.4048733      0.6655743      -0.5063685      3.053886      1.113235      0.3708469      0.4269089      0.0283528      0.009219418      0.1729748      0.01427915
92042.43      3.780958      0.797051      -0.4077087      0.6699243      -0.5158341      3.0539      1.113246      0.3708433      0.4264528      0.0288192      0.009367783      0.1727144      0.01440933
94791.14      3.725732      0.7974345      -0.4103624      0.6742995      -0.5256378      3.053915      1.113256      0.3708396      0.4260007      0.029282      0.00951483      0.1724631      0.01453499
97621.93      3.671312      0.7977811      -0.4128392      0.6786936      -0.5357529      3.05393      1.113267      0.3708359      0.4255528      0.0297409      0.009660453      0.1722206      0.01465622
100537.3      3.617686      0.7980923      -0.4151442      0.6831      -0.5461505      3.053945      1.113279      0.3708323      0.4251095      0.03019558      0.009804546      0.1719869      0.01477309
103539.7      3.564844      0.7983694      -0.4172834      0.6875116      -0.5567997      3.053961      1.11329      0.3708285      0.424671      0.03064575      0.009947      0.1717617      0.0148857
106631.7      3.512774      0.798614      -0.419263      0.6919211      -0.5676681      3.053978      1.113302      0.3708248      0.4242377      0.03109107      0.0100877      0.1715448      0.01499413
109816.1      3.461464      0.7988278      -0.4210898      0.6963207      -0.5787212      3.053995      1.113315      0.370821      0.4238099      0.03153123      0.01022654      0.1713361      0.01509851
113095.6      3.410904      0.7990124      -0.4227707      0.7007025      -0.5899236      3.054012      1.113327      0.3708173      0.4233879      0.03196589      0.0103634      0.1711353      0.01519892
116473.      3.361081      0.7991695      -0.4243128      0.7050582      -0.6012384      3.05403      1.113341      0.3708134      0.4229722      0.03239468      0.01049814      0.1709421      0.01529547
119951.3      3.311987      0.7993009      -0.4257233      0.7093794      -0.612628      3.054049      1.113354      0.3708095      0.4225631      0.03281725      0.01063064      0.1707566      0.01538827
123533.5      3.263609      0.7994082      -0.4270093      0.7136578      -0.6240543      3.054067      1.113368      0.3708056      0.4221609      0.03323321      0.01076077      0.1705783      0.0154774
127222.6      3.215938      0.7994933      -0.4281777      0.7178849      -0.635479      3.054087      1.113382      0.3708016      0.4217661      0.03364218      0.01088839      0.1704072      0.01556296
131021.9      3.168963      0.7995577      -0.4292353      0.7220521      -0.6468636      3.054107      1.113397      0.3707976      0.4213792      0.03404373      0.01101335      0.170243      0.01564502
134934.7      3.122674      0.7996029      -0.4301883      0.7261512      -0.6581704      3.054127      1.113411      0.3707935      0.4210004      0.03443744      0.0111355      0.1700858      0.01572365
138964.3      3.077061      0.7996306      -0.431043      0.7301739      -0.6693619      3.054148      1.113427      0.3707893      0.4206303      0.03482288      0.01125468      0.1699352      0.01579892
143114.3      3.032114      0.7996421      -0.431805      0.7341123      -0.680402      3.05417      1.113443      0.3707851      0.4202694      0.0351996      0.01137075      0.1697913      0.01587087
147388.2      2.987823      0.7996388      -0.4324794      0.7379587      -0.6912553      3.054192      1.113459      0.3707808      0.4199181      0.03556713      0.01148354      0.169654      0.01593953
151789.7      2.94418      0.7996218      -0.4330712      0.7417057      -0.7018882      3.054215      1.113476      0.3707764      0.4195768      0.03592503      0.01159288      0.1695232      0.01600495
156322.7      2.901173      0.7995925      -0.4335846      0.7453463      -0.7122687      3.054239      1.113493      0.3707719      0.4192461      0.03627284      0.01169863      0.1693988      0.01606713
160991.      2.858795      0.7995517      -0.4340236      0.7488741      -0.7223664      3.054263      1.11351      0.3707673      0.4189264      0.0366101      0.01180061      0.1692809      0.01612608
165798.8      2.817035      0.7995005      -0.4343918      0.7522829      -0.732153      3.054287      1.113528      0.3707626      0.4186182      0.03693637      0.01189868      0.1691695      0.01618181
170750.1      2.775886      0.7994398      -0.4346922      0.7555671      -0.7416024      3.054313      1.113547      0.3707578      0.4183218      0.03725123      0.01199268      0.1690645      0.01623431
175849.3      2.735337      0.7993703      -0.4349277      0.7587219      -0.7506906      3.054339      1.113566      0.3707529      0.4180377      0.03755428      0.01208249      0.1689659      0.01628359
181100.7      2.69538      0.7992927      -0.4351008      0.7617428      -0.7593959      3.054366      1.113585      0.3707479      0.4177663      0.03784515      0.01216796      0.1688738      0.01632962
186509.      2.656007      0.7992076      -0.4352136      0.7646259      -0.7676992      3.054393      1.113605      0.3707428      0.417508      0.03812351      0.01224897      0.1687883      0.0163724
192078.9      2.617209      0.7991157      -0.4352683      0.7673681      -0.7755834      3.054421      1.113626      0.3707376      0.417263      0.03838905      0.01232543      0.1687092      0.01641193
197815.      2.578977      0.7990174      -0.4352665      0.7699669      -0.7830345      3.05445      1.113647      0.3707323      0.4170315      0.03864154      0.01239725      0.1686367      0.0164482
203722.4      2.541304      0.7989132      -0.43521      0.7724203      -0.7900406      3.05448      1.113668      0.3707269      0.4168139      0.03888078      0.01246434      0.1685707      0.01648121
209806.3      2.504181      0.7988035      -0.4351003      0.7747274      -0.7965925      3.05451      1.11369      0.3707213      0.4166102      0.03910663      0.01252667      0.1685112      0.01651096
216071.9      2.4676      0.7986886      -0.4349388      0.7768876      -0.8026837      3.054541      1.113713      0.3707156      0.4164206      0.03931902      0.0125842      0.1684581      0.01653748
222524.5      2.431553      0.7985689      -0.4347269      0.7789011      -0.8083101      3.054573      1.113737      0.3707098      0.416245      0.03951793      0.01263691      0.1684115      0.01656079
229169.9      2.396033      0.7984446      -0.434466      0.780769      -0.8134705      3.054606      1.113761      0.3707039      0.4160835      0.03970343      0.01268483      0.1683713      0.01658091
236013.7      2.361031      0.7983159      -0.4341573      0.7824928      -0.8181658      3.05464      1.113785      0.3706978      0.4159359      0.03987562      0.01272799      0.1683373      0.0165979
243061.9      2.32654      0.7981831      -0.4338022      0.784075      -0.8224      3.054674      1.11381      0.3706916      0.415802      0.04003471      0.01276643      0.1683095      0.0166118
250320.5      2.292554      0.7980463      -0.4334019      0.7855186      -0.826179      3.05471      1.113836      0.3706853      0.4156816      0.04018094      0.01280025      0.1682877      0.01662267
257796.      2.259063      0.7979058      -0.4329577      0.7868272      -0.8295115      3.054746      1.113863      0.3706789      0.4155745      0.04031464      0.01282955      0.1682719      0.0166306
265494.7      2.226061      0.7977615      -0.432471      0.7880052      -0.8324082      3.054784      1.11389      0.3706724      0.4154801      0.0404362      0.01285444      0.1682618      0.01663565
273423.3      2.193542      0.7976136      -0.4319429      0.7890574      -0.8348819      3.054822      1.113918      0.3706657      0.4153982      0.04054605      0.01287508      0.1682572      0.01663793
281588.6      2.161497      0.7974622      -0.4313747      0.7899891      -0.8369476      3.054861      1.113946      0.3706589      0.4153282      0.04064469      0.01289161      0.168258      0.01663753
289997.9      2.12992      0.7973073      -0.4307677      0.7908063      -0.8386216      3.054901      1.113976      0.3706519      0.4152696      0.04073266      0.01290421      0.168264      0.01663456
298658.2      2.098804      0.7971489      -0.4301231      0.7915151      -0.8399222      3.054943      1.114006      0.3706449      0.4152218      0.04081054      0.01291307      0.1682748      0.01662913
307577.2      2.068143      0.796987      -0.4294421      0.792122      -0.8408684      3.054985      1.114037      0.3706377      0.4151843      0.04087893      0.01291839      0.1682904      0.01662135
316762.5      2.037929      0.7968217      -0.4287258      0.7926339      -0.8414807      3.055028      1.114068      0.3706304      0.4151564      0.04093848      0.01292038      0.1683104      0.01661135
326222.1      2.008157      0.7966528      -0.4279754      0.7930577      -0.8417798      3.055073      1.114101      0.3706229      0.4151375      0.04098983      0.01291923      0.1683346      0.01659924
335964.3      1.978819      0.7964804      -0.427192      0.7934003      -0.8417871      3.055118      1.114134      0.3706154      0.4151269      0.04103364      0.01291517      0.1683628      0.01658514
345997.3      1.94991      0.7963043      -0.4263764      0.7936687      -0.841524      3.055165      1.114168      0.3706077      0.4151241      0.04107054      0.01290841      0.1683947      0.01656918
356330.      1.921422      0.7961245      -0.4255297      0.7938697      -0.8410117      3.055213      1.114203      0.3705998      0.4151284      0.04110118      0.01289916      0.1684302      0.01655146
366971.3      1.893351      0.795941      -0.4246527      0.7940101      -0.8402709      3.055262      1.114239      0.3705919      0.4151392      0.04112619      0.0128876      0.1684689      0.01653209
377930.3      1.86569      0.7957536      -0.4237461      0.7940962      -0.8393217      3.055313      1.114276      0.3705838      0.415156      0.04114614      0.01287394      0.1685107      0.01651119
389216.6      1.838432      0.7955622      -0.4228106      0.7941341      -0.838183      3.055364      1.114313      0.3705756      0.4151781      0.04116159      0.01285836      0.1685554      0.01648884
400840.      1.811573      0.7953668      -0.4218467      0.7941295      -0.8368728      3.055417      1.114352      0.3705673      0.4152052      0.04117307      0.01284103      0.1686028      0.01646514
412810.5      1.785106      0.7951673      -0.4208549      0.7940877      -0.8354076      3.055471      1.114391      0.3705589      0.4152367      0.04118105      0.01282209      0.1686528      0.01644016
425138.4      1.759025      0.7949635      -0.4198356      0.7940135      -0.8338025      3.055526      1.114432      0.3705503      0.4152722      0.04118597      0.01280169      0.1687051      0.01641398
437834.5      1.733325      0.7947554      -0.4187891      0.7939113      -0.8320713      3.055583      1.114473      0.3705416      0.4153114      0.04118821      0.01277995      0.1687598      0.01638665
450909.8      1.708001      0.7945428      -0.4177155      0.7937849      -0.8302259      3.055641      1.114516      0.3705328      0.4153539      0.0411881      0.01275697      0.1688166      0.01635824
464375.5      1.683046      0.7943256      -0.4166149      0.7936377      -0.8282769      3.055701      1.114559      0.3705239      0.4153995      0.04118595      0.01273286      0.1688755      0.01632877
478243.4      1.658455      0.7941039      -0.4154874      0.7934727      -0.8262334      3.055762      1.114604      0.3705149      0.415448      0.04118198      0.01270769      0.1689365      0.0162983
492525.4      1.634224      0.7938773      -0.4143328      0.7932923      -0.824103      3.055824      1.114649      0.3705058      0.4154991      0.04117642      0.01268152      0.1689994      0.01626683
507234.      1.610346      0.793646      -0.413151      0.7930987      -0.8218919      3.055888      1.114696      0.3704965      0.4155528      0.04116941      0.0126544      0.1690643      0.0162344
522381.7      1.586817      0.7934097      -0.4119418      0.7928935      -0.8196052      3.055954      1.114744      0.3704872      0.4156088      0.04116109      0.01262637      0.1691311      0.01620101
537981.9      1.563632      0.7931683      -0.410705      0.7926781      -0.817247      3.056021      1.114792      0.3704777      0.4156672      0.04115155      0.01259746      0.1691998      0.01616666
554047.9      1.540785      0.7929219      -0.4094402      0.7924538      -0.8148202      3.056089      1.114842      0.3704682      0.4157279      0.04114086      0.01256769      0.1692704      0.01613136
570593.7      1.518272      0.7926702      -0.4081471      0.7922212      -0.812327      3.05616      1.114894      0.3704586      0.4157909      0.04112906      0.01253706      0.1693429      0.01609511
587633.6      1.496087      0.7924133      -0.4068254      0.791981      -0.809769      3.056231      1.114946      0.3704489      0.4158562      0.04111618      0.01250559      0.1694173      0.01605788
605182.4      1.474227      0.792151      -0.4054745      0.7917338      -0.8071469      3.056305      1.115      0.3704391      0.4159238      0.04110221      0.01247327      0.1694937      0.01601967
623255.2      1.452685      0.7918832      -0.4040942      0.7914799      -0.8044614      3.05638      1.115054      0.3704292      0.4159936      0.04108715      0.0124401      0.1695722      0.01598046
641867.8      1.431458      0.7916099      -0.4026839      0.7912194      -0.8017126      3.056457      1.11511      0.3704192      0.4160659      0.04107098      0.01240607      0.1696526      0.01594024
661036.2      1.410541      0.7913309      -0.4012432      0.7909526      -0.7989001      3.056535      1.115168      0.3704092      0.4161406      0.04105366      0.01237116      0.1697351      0.01589899
680777.1      1.38993      0.7910462      -0.3997717      0.7906796      -0.7960236      3.056616      1.115226      0.3703991      0.4162177      0.04103516      0.01233537      0.1698197      0.01585668
701107.4      1.369619      0.7907558      -0.3982688      0.7904002      -0.7930826      3.056698      1.115286      0.370389      0.4162974      0.04101542      0.01229867      0.1699065      0.01581329
722045.      1.349605      0.7904595      -0.3967342      0.7901145      -0.7900762      3.056782      1.115348      0.3703788      0.4163797      0.04099439      0.01226105      0.1699955      0.0157688
743607.7      1.329883      0.7901572      -0.3951674      0.7898227      -0.7870039      3.056868      1.11541      0.3703686      0.4164648      0.04097203      0.0122225      0.1700867      0.01572318
765814.4      1.310449      0.789849      -0.3935679      0.7895245      -0.783865      3.056956      1.115474      0.3703584      0.4165526      0.04094828      0.01218299      0.1701802      0.01567642
788684.3      1.291299      0.7895347      -0.3919352      0.78922      -0.7806584      3.057045      1.11554      0.3703481      0.4166433      0.04092307      0.0121425      0.1702761      0.01562848
812237.2      1.272429      0.7892142      -0.3902689      0.788909      -0.7773832      3.057137      1.115607      0.3703379      0.4167369      0.04089632      0.01210102      0.1703744      0.01557934
836493.4      1.253834      0.7888875      -0.3885686      0.7885917      -0.7740388      3.057231      1.115675      0.3703276      0.4168336      0.04086799      0.01205852      0.1704751      0.01552897
861474.      1.23551      0.7885546      -0.3868337      0.7882678      -0.7706243      3.057326      1.115745      0.3703173      0.4169334      0.04083799      0.01201499      0.1705784      0.01547734
887200.7      1.217454      0.7882153      -0.3850639      0.7879373      -0.7671388      3.057424      1.115816      0.3703071      0.4170365      0.04080625      0.01197041      0.1706842      0.01542443
913695.6      1.199662      0.7878695      -0.3832588      0.7876002      -0.7635814      3.057524      1.115889      0.3702969      0.4171428      0.04077269      0.01192475      0.1707926      0.01537022
940981.7      1.182129      0.7875174      -0.3814178      0.7872564      -0.7599513      3.057626      1.115964      0.3702867      0.4172527      0.04073724      0.01187799      0.1709037      0.01531467
969082.7      1.164852      0.7871586      -0.3795407      0.7869059      -0.7562478      3.05773      1.116039      0.3702767      0.417366      0.04069981      0.01183011      0.1710176      0.01525775
998022.9      1.147828      0.7867934      -0.377627      0.7865486      -0.7524701      3.057836      1.116117      0.3702666      0.417483      0.04066031      0.0117811      0.1711342      0.01519944
1.027827e6      1.131052      0.7864215      -0.3756762      0.7861845      -0.7486174      3.057944      1.116196      0.3702567      0.4176037      0.04061866      0.01173093      0.1712537      0.0151397
1.058522e6      1.114521      0.7860429      -0.3736882      0.7858135      -0.744689      3.058055      1.116277      0.3702469      0.4177283      0.04057476      0.01167958      0.171376      0.01507852
1.090133e6      1.098232      0.7856576      -0.3716624      0.7854356      -0.7406843      3.058167      1.116359      0.3702372      0.4178569      0.04052853      0.01162702      0.1715014      0.01501585
1.122688e6      1.08218      0.7852655      -0.3695986      0.7850508      -0.7366024      3.058282      1.116443      0.3702276      0.4179895      0.04047985      0.01157324      0.1716297      0.01495167
1.156216e6      1.066363      0.7848667      -0.3674963      0.784659      -0.7324428      3.0584      1.116529      0.3702182      0.4181264      0.04042864      0.01151822      0.1717612      0.01488595
1.190744e6      1.050776      0.7844611      -0.3653555      0.7842602      -0.728205      3.058519      1.116616      0.370209      0.4182676      0.04037478      0.01146193      0.1718957      0.01481866
1.226304e6      1.035417      0.7840486      -0.3631756      0.7838544      -0.7238884      3.058641      1.116705      0.3702      0.4184132      0.04031817      0.01140436      0.1720335      0.01474977
1.262926e6      1.020283      0.7836293      -0.3609565      0.7834416      -0.7194923      3.058766      1.116796      0.3701912      0.4185635      0.0402587      0.01134547      0.1721746      0.01467925
1.300641e6      1.005369      0.7832031      -0.3586979      0.7830217      -0.7150164      3.058892      1.116888      0.3701826      0.4187184      0.04019625      0.01128526      0.1723189      0.01460706
1.339483e6      0.9906729      0.78277      -0.3563997      0.7825948      -0.7104604      3.059021      1.116983      0.3701743      0.4188782      0.04013071      0.0112237      0.1724667      0.01453319
1.379484e6      0.9761916      0.7823301      -0.3540616      0.7821608      -0.7058238      3.059153      1.117079      0.3701663      0.419043      0.04006195      0.01116076      0.1726179      0.01445759
1.42068e6      0.9619215      0.7818833      -0.3516834      0.7817199      -0.7011061      3.059287      1.117176      0.3701586      0.4192128      0.03998986      0.01109644      0.1727726      0.01438024
1.463107e6      0.9478599      0.7814296      -0.3492651      0.7812719      -0.6963074      3.059423      1.117276      0.3701512      0.419388      0.03991429      0.0110307      0.1729309      0.01430111
1.5068e6      0.9340037      0.7809691      -0.3468065      0.7808169      -0.6914274      3.059562      1.117377      0.3701442      0.4195685      0.03983513      0.01096353      0.1730928      0.01422016
1.551799e6      0.9203496      0.7805018      -0.3443075      0.780355      -0.6864657      3.059703      1.11748      0.3701376      0.4197546      0.03975223      0.0108949      0.1732583      0.01413737
1.598141e6      0.9068949      0.7800277      -0.3417682      0.7798861      -0.6814227      3.059847      1.117585      0.3701315      0.4199463      0.03966546      0.01082481      0.1734277      0.0140527
1.645867e6      0.8936367      0.7795469      -0.3391886      0.7794104      -0.6762981      3.059993      1.117692      0.3701257      0.4201439      0.03957468      0.01075322      0.1736008      0.01396613
1.695018e6      0.880572      0.7790595      -0.3365685      0.7789279      -0.671092      3.060142      1.117801      0.3701205      0.4203475      0.03947973      0.01068013      0.1737778      0.01387763
1.745637e6      0.8676981      0.7785654      -0.3339083      0.7784386      -0.6658049      3.060293      1.117911      0.3701158      0.4205573      0.03938048      0.01060551      0.1739587      0.01378717
1.797768e6      0.8550122      0.7780648      -0.3312079      0.7779426      -0.6604368      3.060447      1.118024      0.3701116      0.4207733      0.03927677      0.01052934      0.1741436      0.01369471
1.851456e6      0.8425115      0.7775577      -0.3284677      0.7774401      -0.6549881      3.060603      1.118138      0.3701081      0.4209958      0.03916845      0.01045161      0.1743326      0.01360024
1.906747e6      0.8301933      0.7770443      -0.3256877      0.7769311      -0.6494593      3.060762      1.118254      0.3701051      0.4212249      0.03905536      0.01037231      0.1745256      0.01350373
1.963689e6      0.818055      0.7765246      -0.3228682      0.7764157      -0.6438509      3.060923      1.118372      0.3701029      0.4214607      0.03893734      0.01029142      0.1747228      0.01340515
2.022331e6      0.8060939      0.7759988      -0.3200097      0.775894      -0.6381636      3.061087      1.118491      0.3701013      0.4217035      0.03881422      0.01020892      0.1749241      0.01330447
2.082725e6      0.7943074      0.775467      -0.3171124      0.7753662      -0.6323983      3.061253      1.118613      0.3701005      0.4219534      0.03868585      0.0101248      0.1751297      0.01320167
2.144923e6      0.782693      0.7749294      -0.3141769      0.7748324      -0.6265557      3.061422      1.118736      0.3701004      0.4222105      0.03855204      0.01003905      0.1753396      0.01309672
2.208978e6      0.7712482      0.774386      -0.3112036      0.7742928      -0.6206368      3.061593      1.118861      0.3701012      0.4224751      0.03841264      0.009951653      0.1755538      0.01298962
2.274945e6      0.7599705      0.7738371      -0.308193      0.7737475      -0.6146429      3.061767      1.118988      0.3701029      0.4227472      0.03826747      0.009862608      0.1757724      0.01288032
2.342883e6      0.7488574      0.7732828      -0.3051458      0.7731968      -0.6085752      3.061943      1.119117      0.3701055      0.4230271      0.03811636      0.009771901      0.1759954      0.01276882
2.41285e6      0.7379067      0.7727234      -0.3020628      0.7726407      -0.6024351      3.062121      1.119248      0.370109      0.4233149      0.03795913      0.009679527      0.1762229      0.0126551
2.484906e6      0.7271158      0.772159      -0.2989446      0.7720796      -0.5962241      3.062302      1.11938      0.3701136      0.4236107      0.0377956      0.00958548      0.1764548      0.01253914
2.559114e6      0.7164825      0.7715899      -0.2957921      0.7715137      -0.5899439      3.062486      1.119514      0.3701192      0.4239147      0.03762561      0.009489755      0.1766912      0.01242092
2.635538e6      0.7060044      0.7710163      -0.2926062      0.7709432      -0.5835964      3.062671      1.11965      0.3701259      0.4242271      0.03744896      0.009392351      0.1769322      0.01230044
2.714244e6      0.6956794      0.7704385      -0.2893879      0.7703684      -0.5771835      3.062859      1.119787      0.3701338      0.424548      0.03726549      0.009293266      0.1771777      0.01217769
2.795301e6      0.6855052      0.7698567      -0.2861382      0.7697895      -0.5707074      3.063049      1.119926      0.3701429      0.4248776      0.03707502      0.009192503      0.1774278      0.01205265
2.878778e6      0.6754795      0.7692713      -0.2828584      0.7692068      -0.5641703      3.063242      1.120067      0.3701533      0.425216      0.03687738      0.009090065      0.1776824      0.01192532
2.964749e6      0.6656002      0.7686825      -0.2795496      0.7686207      -0.5575748      3.063437      1.120209      0.3701649      0.4255633      0.03667239      0.008985957      0.1779417      0.01179571
3.053286e6      0.6558652      0.7680907      -0.2762131      0.7680315      -0.5509234      3.063633      1.120353      0.370178      0.4259197      0.03645987      0.008880188      0.1782055      0.0116638
3.144468e6      0.6462724      0.7674962      -0.2728504      0.7674394      -0.5442191      3.063832      1.120499      0.3701924      0.4262853      0.03623967      0.008772767      0.1784739      0.01152961
3.238373e6      0.6368197      0.7668993      -0.2694629      0.766845      -0.5374647      3.064033      1.120646      0.3702084      0.4266603      0.03601161      0.008663707      0.1787468      0.01139313
3.335082e6      0.6275049      0.7663005      -0.2660522      0.7662485      -0.5306634      3.064236      1.120794      0.3702258      0.4270448      0.03577554      0.008553024      0.1790243      0.01125439
3.434679e6      0.6183263      0.7657001      -0.26262      0.7656503      -0.5238186      3.064441      1.120944      0.3702449      0.4274388      0.0355313      0.008440736      0.1793063      0.01111339
3.537251e6      0.6092817      0.7650986      -0.259168      0.7650509      -0.5169338      3.064647      1.121095      0.3702655      0.4278424      0.03527874      0.008326865      0.1795927      0.01097016
3.642885e6      0.6003692      0.7644963      -0.2556981      0.7644507      -0.5100126      3.064855      1.121247      0.3702879      0.4282558      0.03501773      0.008211434      0.1798837      0.01082471
3.751675e6      0.5915869      0.7638938      -0.2522122      0.7638501      -0.5030591      3.065065      1.121401      0.370312      0.4286791      0.03474811      0.00809447      0.1801789      0.01067706
3.863713e6      0.5829328      0.7632914      -0.2487122      0.7632496      -0.4960771      3.065277      1.121556      0.3703379      0.4291122      0.03446976      0.007976003      0.1804786      0.01052726
3.979097e6      0.5744052      0.7626897      -0.2452005      0.7626496      -0.4890711      3.06549      1.121711      0.3703657      0.4295553      0.03418258      0.007856068      0.1807824      0.01037532
4.097926e6      0.5660022      0.7620891      -0.2416793      0.7620508      -0.4820457      3.065704      1.121868      0.3703954      0.4300083      0.03388643      0.0077347      0.1810905      0.0102213
4.220305e6      0.5577218      0.7614902      -0.2381506      0.7614535      -0.475005      3.06592      1.122026      0.370427      0.4304714      0.03358124      0.007611941      0.1814026      0.01006524
4.346338e6      0.5495625      0.7608934      -0.2346169      0.7608584      -0.467954      3.066137      1.122185      0.3704606      0.4309445      0.03326692      0.007487835      0.1817187      0.009907185
4.476135e6      0.5415224      0.7602994      -0.2310809      0.7602659      -0.4608979      3.066355      1.122345      0.3704962      0.4314277      0.03294339      0.00736243      0.1820387      0.00974719
4.609808e6      0.5335997      0.7597087      -0.2275449      0.7596765      -0.4538414      3.066574      1.122505      0.3705339      0.4319208      0.0326106      0.007235777      0.1823624      0.009585316
4.747472e6      0.5257928      0.7591216      -0.2240113      0.7590909      -0.4467893      3.066794      1.122666      0.3705738      0.4324239      0.03226851      0.007107934      0.1826898      0.009421632
4.889248e6      0.5180999      0.758539      -0.2204832      0.7585096      -0.4397482      3.067015      1.122828      0.3706158      0.432937      0.03191709      0.006978955      0.1830207      0.009256201
5.035258e6      0.5105195      0.7579614      -0.2169634      0.7579332      -0.4327231      3.067236      1.12299      0.37066      0.4334598      0.03155633      0.006848907      0.1833549      0.009089105
5.185629e6      0.5030498      0.7573893      -0.2134543      0.7573623      -0.4257192      3.067458      1.123152      0.3707065      0.4339923      0.03118625      0.006717857      0.1836922      0.008920428
5.34049e6      0.4956893      0.7568234      -0.2099593      0.7567975      -0.4187431      3.06768      1.123315      0.3707552      0.4345344      0.03080687      0.006585873      0.1840326      0.008750254
5.499975e6      0.4884363      0.7562643      -0.2064811      0.7562395      -0.4118005      3.067903      1.123478      0.3708062      0.435086      0.03041824      0.006453032      0.1843757      0.008578678
5.664224e6      0.4812893      0.7557124      -0.2030226      0.7556886      -0.4048969      3.068125      1.123641      0.3708596      0.4356469      0.03002045      0.006319413      0.1847215      0.008405803
5.833377e6      0.4742468      0.7551686      -0.1995871      0.7551458      -0.398039      3.068348      1.123804      0.3709152      0.4362168      0.02961356      0.006185096      0.1850696      0.008231731
6.007582e6      0.4673072      0.7546332      -0.1961772      0.7546113      -0.3912322      3.06857      1.123967      0.3709732      0.4367956      0.02919773      0.00605017      0.1854199      0.008056578
6.18699e6      0.4604691      0.754107      -0.1927963      0.754086      -0.3844831      3.068792      1.12413      0.3710336      0.4373829      0.02877307      0.005914724      0.1857721      0.007880459
6.371755e6      0.4537309      0.7535906      -0.1894477      0.7535704      -0.3777984      3.069014      1.124292      0.3710963      0.4379786      0.02833975      0.005778849      0.1861261      0.007703493
6.562037e6      0.4470912      0.7530845      -0.186134      0.7530651      -0.3711834      3.069235      1.124454      0.3711613      0.4385824      0.02789798      0.005642645      0.1864814      0.007525815
6.758003e6      0.4405487      0.7525893      -0.1828585      0.7525706      -0.3646443      3.069455      1.124615      0.3712287      0.4391938      0.02744797      0.005506211      0.1868379      0.007347557
6.95982e6      0.4341017      0.7521055      -0.1796241      0.7520876      -0.3581875      3.069675      1.124776      0.3712984      0.4398126      0.02698996      0.005369648      0.1871953      0.007168854
7.167665e6      0.427749      0.7516337      -0.176434      0.7516164      -0.3518189      3.069893      1.124936      0.3713704      0.4404383      0.02652422      0.005233062      0.1875533      0.006989849
7.381716e6      0.4214891      0.7511744      -0.1732911      0.7511578      -0.3455447      3.07011      1.125095      0.3714447      0.4410706      0.02605104      0.005096562      0.1879117      0.00681069
7.60216e6      0.4153209      0.7507282      -0.1701983      0.7507122      -0.3393706      3.070326      1.125253      0.3715212      0.4417091      0.02557076      0.004960258      0.18827      0.006631529
7.829187e6      0.4092428      0.7502955      -0.1671586      0.75028      -0.3333025      3.07054      1.12541      0.3715998      0.4423531      0.02508371      0.004824261      0.188628      0.006452518
8.062994e6      0.4032536      0.7498767      -0.1641748      0.7498618      -0.3273459      3.070753      1.125566      0.3716807      0.4430024      0.02459028      0.004688686      0.1889854      0.006273815
8.303783e6      0.397352      0.7494724      -0.1612494      0.749458      -0.3215063      3.070963      1.125721      0.3717636      0.4436563      0.02409086      0.004553648      0.1893419      0.006095582
8.551763e6      0.3915367      0.7490829      -0.1583853      0.749069      -0.3157888      3.071172      1.125874      0.3718486      0.4443142      0.02358588      0.004419262      0.189697      0.005917978
8.807148e6      0.3858065      0.7487085      -0.1555845      0.7486951      -0.310198      3.071379      1.126025      0.3719355      0.4449758      0.02307579      0.004285647      0.1900507      0.005741171
9.07016e6      0.3801602      0.7483496      -0.1528495      0.7483367      -0.304739      3.071583      1.126175      0.3720243      0.4456404      0.02256105      0.004152918      0.1904024      0.005565321
9.341027e6      0.3745964      0.7480066      -0.1501829      0.747994      -0.2994163      3.071785      1.126323      0.3721148      0.4463073      0.02204218      0.004021194      0.1907518      0.005390597
9.619982e6      0.3691141      0.7476796      -0.1475865      0.7476674      -0.2942341      3.071984      1.126469      0.3722071      0.4469759      0.02151967      0.003890589      0.1910987      0.005217161
9.907269e6      0.363712      0.7473689      -0.1450623      0.7473571      -0.2891961      3.072181      1.126613      0.372301      0.4476457      0.02099406      0.003761219      0.1914426      0.005045178
1.020313e7      0.358389      0.7470746      -0.1426119      0.7470632      -0.2843058      3.072375      1.126756      0.3723964      0.448316      0.02046589      0.003633195      0.1917834      0.004874808
1.050784e7      0.3531437      0.7467969      -0.140237      0.7467858      -0.2795663      3.072565      1.126895      0.3724932      0.4489861      0.01993573      0.00350663      0.1921206      0.004706212
1.082164e7      0.3479753      0.7465358      -0.1379389      0.7465251      -0.2749805      3.072753      1.127033      0.3725913      0.4496554      0.01940416      0.003381634      0.1924539      0.004539547
1.114481e7      0.3428825      0.7462915      -0.135719      0.7462811      -0.2705508      3.072937      1.127168      0.3726906      0.4503231      0.01887177      0.003258313      0.1927831      0.004374968
1.147763e7      0.3378642      0.7460638      -0.1335782      0.7460538      -0.2662795      3.073119      1.127301      0.3727908      0.4509886      0.01833916      0.003136772      0.1931078      0.004212626
1.182039e7      0.3329194      0.7458529      -0.1315174      0.7458432      -0.262168      3.073296      1.127432      0.3728921      0.4516512      0.01780692      0.003017111      0.1934277      0.004052667
1.217339e7      0.328047      0.7456585      -0.1295372      0.7456491      -0.2582179      3.07347      1.12756      0.372994      0.4523102      0.01727568      0.002899424      0.1937425      0.003895227
1.253693e7      0.323246      0.7454805      -0.1276378      0.7454714      -0.2544293      3.073641      1.127685      0.3730967      0.452965      0.01674604      0.002783804      0.1940521      0.003740444
1.291133e7      0.3185151      0.7453188      -0.1258198      0.74531      -0.2508034      3.073808      1.127807      0.3731998      0.4536148      0.01621861      0.002670339      0.1943561      0.003588443
1.32969e7      0.3138536      0.7451732      -0.1240832      0.7451646      -0.2473401      3.073971      1.127927      0.3733033      0.454259      0.01569401      0.00255911      0.1946543      0.003439347
1.3694e7      0.3092604      0.7450433      -0.1224278      0.745035      -0.2440394      3.07413      1.128043      0.3734071      0.4548969      0.01517282      0.002450195      0.1949465      0.003293269
1.410295e7      0.3047343      0.7449288      -0.120853      0.7449208      -0.2408999      3.074285      1.128157      0.3735109      0.455528      0.01465566      0.002343666      0.1952324      0.003150318
1.452411e7      0.3002746      0.7448295      -0.1193582      0.7448217      -0.2379203      3.074436      1.128268      0.3736146      0.4561515      0.01414312      0.002239589      0.1955118      0.00301059
1.495785e7      0.2958802      0.7447448      -0.1179429      0.7447373      -0.2350996      3.074583      1.128376      0.3737182      0.4567668      0.01363575      0.002138024      0.1957846      0.002874175
1.540454e7      0.2915502      0.7446745      -0.116606      0.7446672      -0.2324357      3.074726      1.128481      0.3738214      0.4573734      0.01313414      0.002039025      0.1960507      0.002741156
1.586458e7      0.2872835      0.744618      -0.1153464      0.744611      -0.2299264      3.074865      1.128583      0.3739241      0.4579706      0.01263881      0.00194264      0.1963098      0.002611603
1.633835e7      0.2830794      0.7445749      -0.1141628      0.7445681      -0.2275691      3.075      1.128682      0.3740261      0.458558      0.01215029      0.00184891      0.1965618      0.002485581
1.682627e7      0.2789369      0.7445446      -0.1130537      0.744538      -0.2253609      3.07513      1.128778      0.3741274      0.459135      0.0116691      0.001757872      0.1968067      0.002363145
1.732876e7      0.274855      0.7445266      -0.1120176      0.7445203      -0.2232984      3.075257      1.128871      0.3742278      0.4597012      0.0111957      0.001669553      0.1970443      0.002244339
1.784626e7      0.270833      0.7445204      -0.1110526      0.7445143      -0.2213783      3.075379      1.12896      0.3743272      0.460256      0.01073058      0.001583977      0.1972746      0.0021292
1.837921e7      0.2668698      0.7445253      -0.110157      0.7445195      -0.2195968      3.075497      1.129047      0.3744254      0.460799      0.01027414      0.001501159      0.1974975      0.002017755
1.892808e7      0.2629648      0.7445408      -0.1093286      0.7445352      -0.2179497      3.075611      1.12913      0.3745223      0.4613299      0.009826819      0.001421109      0.197713      0.001910022
1.949333e7      0.2591169      0.7445663      -0.1085653      0.7445609      -0.2164328      3.07572      1.129211      0.3746178      0.4618482      0.009388978      0.00134383      0.197921      0.001806009
2.007547e7      0.2553254      0.7446011      -0.107865      0.7445959      -0.2150418      3.075826      1.129288      0.3747118      0.4623537      0.008960974      0.001269321      0.1981216      0.001705718
2.0675e7      0.2515895      0.7446447      -0.1072254      0.7446397      -0.2137721      3.075927      1.129363      0.3748041      0.462846      0.008543129      0.001197573      0.1983147      0.00160914
2.129242e7      0.2479083      0.7446963      -0.1066439      0.7446915      -0.2126187      3.076024      1.129434      0.3748947      0.4633249      0.008135735      0.001128571      0.1985005      0.001516259
2.192829e7      0.2442811      0.7447554      -0.1061183      0.7447508      -0.2115768      3.076118      1.129503      0.3749835      0.4637901      0.007739054      0.001062297      0.1986789      0.001427051
2.258314e7      0.240707      0.7448212      -0.105646      0.7448168      -0.2106416      3.076207      1.129568      0.3750704      0.4642415      0.007353315      0.0009987244      0.1988501      0.001341483
2.325756e7      0.2371853      0.7448933      -0.1052245      0.7448891      -0.2098078      3.076293      1.129631      0.3751553      0.4646789      0.006978719      0.000937824      0.199014      0.001259518
2.395211e7      0.2337152      0.7449709      -0.1048511      0.7449669      -0.2090704      3.076374      1.129691      0.3752382      0.4651022      0.00661543      0.0008795603      0.1991708      0.001181108
2.46674e7      0.230296      0.7450535      -0.1045234      0.7450497      -0.2084241      3.076452      1.129748      0.3753189      0.4655113      0.006263583      0.0008238933      0.1993206      0.001106201
2.540406e7      0.2269268      0.7451404      -0.1042387      0.7451367      -0.2078637      3.076527      1.129803      0.3753974      0.4659061      0.005923284      0.0007707792      0.1994635      0.001034738
2.616271e7      0.2236071      0.745231      -0.1039944      0.7452276      -0.2073842      3.076597      1.129855      0.3754736      0.4662867      0.005594604      0.0007201699      0.1995997      0.000966655
2.694402e7      0.220336      0.7453248      -0.103788      0.7453216      -0.2069804      3.076664      1.129904      0.3755476      0.466653      0.005277591      0.0006720139      0.1997292      0.0009018819
2.774866e7      0.2171128      0.7454213      -0.103617      0.7454182      -0.2066471      3.076728      1.129951      0.3756192      0.4670052      0.004972256      0.0006262559      0.1998523      0.0008403444
2.857733e7      0.2139368      0.7455198      -0.1034788      0.7455169      -0.2063796      3.076789      1.129995      0.3756885      0.4673432      0.004678586      0.0005828378      0.1999691      0.0007819639
2.943075e7      0.2108074      0.7456199      -0.1033711      0.7456171      -0.2061726      3.076846      1.130037      0.3757553      0.4676673      0.004396537      0.0005416984      0.2000797      0.0007266577
3.030966e7      0.2077239      0.7457211      -0.1032913      0.7457185      -0.2060217      3.0769      1.130077      0.3758198      0.4679775      0.004126041      0.0005027742      0.2001843      0.0006743394
3.121481e7      0.2046855      0.7458228      -0.1032372      0.7458204      -0.205922      3.076951      1.130115      0.3758819      0.468274      0.003867001      0.0004659996      0.2002832      0.0006249202
3.214699e7      0.2016917      0.7459248      -0.1032065      0.7459225      -0.2058688      3.076999      1.13015      0.3759415      0.468557      0.003619297      0.0004313069      0.2003764      0.0005783083
3.310701e7      0.1987417      0.7460265      -0.1031971      0.7460243      -0.2058581      3.077044      1.130183      0.3759987      0.4688267      0.003382786      0.000398627      0.2004642      0.0005344097
3.40957e7      0.1958349      0.7461275      -0.1032066      0.7461255      -0.2058855      3.077087      1.130214      0.3760536      0.4690835      0.003157301      0.0003678897      0.2005467      0.0004931291
3.511392e7      0.1929708      0.7462276      -0.1032331      0.7462257      -0.2059464      3.077127      1.130244      0.3761061      0.4693275      0.002942657      0.0003390236      0.2006243      0.0004543699
3.616254e7      0.1901486      0.7463263      -0.1032756      0.7463245      -0.2060393      3.077163      1.130271      0.376156      0.4695585      0.002738636      0.0003119556      0.2006968      0.0004180325
3.724248e7      0.1873677      0.7464233      -0.103331      0.7464217      -0.2061579      3.077198      1.130296      0.3762037      0.4697775      0.002545029      0.000286615      0.2007647      0.0003840213
3.835467e7      0.1846276      0.7465185      -0.1033975      0.7465169      -0.2062986      3.077231      1.13032      0.3762491      0.469985      0.00236159      0.0002629288      0.2008283      0.000352237
3.950008e7      0.1819277      0.7466114      -0.1034738      0.74661      -0.2064589      3.077261      1.130343      0.3762923      0.4701809      0.002188061      0.0002408242      0.2008876      0.0003225814
4.067969e7      0.1792673      0.746702      -0.1035585      0.7467007      -0.2066357      3.077289      1.130363      0.3763333      0.4703656      0.002024171      0.0002202293      0.2009428      0.0002949566
4.189452e7      0.1766458      0.74679      -0.1036499      0.7467888      -0.206826      3.077316      1.130383      0.3763721      0.4705395      0.001869639      0.0002010726      0.2009942      0.000269266
4.314564e7      0.1740628      0.7468752      -0.1037468      0.7468741      -0.2070271      3.07734      1.130401      0.3764088      0.470703      0.001724172      0.0001832834      0.2010419      0.0002454141
4.443412e7      0.1715176      0.7469575      -0.103848      0.7469565      -0.2072365      3.077363      1.130418      0.3764435      0.4708564      0.001587468      0.0001667921      0.2010862      0.0002233065
4.576108e7      0.1690097      0.7470368      -0.1039522      0.7470358      -0.207452      3.077384      1.130433      0.3764761      0.4710001      0.001459218      0.0001515301      0.2011271      0.0002028507
4.712766e7      0.1665386      0.7471129      -0.1040585      0.747112      -0.2076716      3.077403      1.130447      0.3765068      0.4711344      0.001339106      0.0001374304      0.2011649      0.000183956
4.853506e7      0.1641036      0.7471859      -0.1041658      0.7471851      -0.207893      3.077421      1.13046      0.3765356      0.4712598      0.001226814      0.0001244275      0.2011997      0.0001665341
4.998448e7      0.1617043      0.7472556      -0.1042733      0.7472548      -0.2081147      3.077438      1.130472      0.3765625      0.4713766      0.001122017      0.0001124574      0.2012318      0.0001504987
5.14772e7      0.1593401      0.747322      -0.1043802      0.7473214      -0.208335      3.077453      1.130483      0.3765878      0.4714854      0.001024392      0.0001014582      0.2012613      0.0001357662
5.301448e7      0.1570106      0.7473851      -0.1044857      0.7473845      -0.2085526      3.077466      1.130493      0.3766113      0.4715862      0.0009336114      0.00009136951      0.2012882      0.0001222553
5.459768e7      0.1547152      0.7474451      -0.1045894      0.7474446      -0.2087664      3.07748      1.130503      0.3766334      0.4716801      0.0008493579      0.00008213375      0.2013131      0.0001098884
5.622816e7      0.1524534      0.7475013      -0.1046904      0.7475006      -0.2089748      3.07749      1.130511      0.3766535      0.4717657      0.0007712937      0.00007369329      0.2013354      0.00009858811
5.790733e7      0.1502247      0.747556      -0.1047896      0.7475558      -0.2091791      3.077504      1.130521      0.3766733      0.4718484      0.0006991356      0.00006599791      0.2013569      0.00008828638
5.963664e7      0.1480286      0.7476065      -0.1048848      0.7476062      -0.2093755      3.077515      1.130529      0.3766911      0.4719228      0.0006325273      0.00005899161      0.2013758      0.00007890847
6.14176e7      0.1458647      0.7476536      -0.1049763      0.7476533      -0.2095647      3.077523      1.130535      0.3767073      0.4719904      0.0005711739      0.00005262645      0.2013929      0.00007038974
6.325174e7      0.1437324      0.7476977      -0.105064      0.7476974      -0.2097459      3.077531      1.130541      0.3767223      0.4720526      0.0005147767      0.00004685567      0.2014083      0.00006266732
6.514066e7      0.1416314      0.7477389      -0.1051476      0.7477386      -0.2099189      3.077538      1.130546      0.376736      0.4721096      0.0004630386      0.0000416343      0.2014223      0.00005568083
6.708599e7      0.1395611      0.7477773      -0.1052271      0.747777      -0.2100836      3.077545      1.130551      0.3767487      0.4721617      0.0004156713      0.00003691971      0.2014349      0.00004937303
6.908941e7      0.1375212      0.7478129      -0.1053024      0.7478127      -0.2102398      3.077551      1.130555      0.3767603      0.4722092      0.0003723952      0.00003267157      0.2014463      0.00004368984
7.115266e7      0.1355111      0.7478459      -0.1053734      0.7478457      -0.2103872      3.077556      1.130559      0.3767709      0.4722525      0.00033294      0.00002885184      0.2014565      0.00003858019
7.327753e7      0.1335304      0.7478764      -0.10544      0.7478762      -0.2105259      3.07756      1.130562      0.3767806      0.4722918      0.0002970449      0.00002542467      0.2014656      0.00003399602
7.546585e7      0.1315788      0.7479045      -0.1055024      0.7479043      -0.210656      3.077564      1.130565      0.3767894      0.4723274      0.0002644592      0.00002235641      0.2014738      0.00002989221
7.771952e7      0.1296556      0.7479303      -0.1055607      0.7479301      -0.2107778      3.077568      1.130568      0.3767974      0.4723596      0.0002349422      0.00001961549      0.2014811      0.00002622647
8.00405e7      0.1277607      0.7479538      -0.1056146      0.7479537      -0.2108907      3.077571      1.13057      0.3768045      0.4723885      0.0002082647      0.00001717249      0.2014876      0.00002295938
8.243078e7      0.1258935      0.7479754      -0.1056646      0.7479752      -0.2109959      3.077574      1.130572      0.3768111      0.4724145      0.0001842075      0.00001499994      0.2014934      0.00002005412
8.489245e7      0.1240535      0.7479949      -0.1057106      0.7479947      -0.2110928      3.077576      1.130574      0.3768169      0.4724377      0.000162563      0.00001307235      0.2014984      0.00001747657
8.742764e7      0.1222406      0.7480129      -0.1057534      0.7480129      -0.2111832      3.077578      1.130576      0.3768222      0.4724589      0.0001431353      0.00001136618      0.201503      0.0000151952
9.003853e7      0.1204541      0.7480294      -0.1057929      0.7480294      -0.211267      3.077581      1.130577      0.3768271      0.4724781      0.0001257375      9.859476e-6      0.2015071      0.00001318063
9.27274e7      0.1186938      0.7480442      -0.1058288      0.7480441      -0.2113435      3.077583      1.130579      0.3768314      0.472495      0.0001101943      8.532098e-6      0.2015107      0.00001140589
9.549656e7      0.1169592      0.7480575      -0.1058614      0.7480574      -0.2114135      3.077584      1.13058      0.3768352      0.47251      0.0000963423      7.365587e-6      0.2015138      9.846299e-6
9.834842e7      0.1152501      0.7480694      -0.1058911      0.7480694      -0.2114774      3.077586      1.130581      0.3768387      0.4725233      0.00008402764      6.342973e-6      0.2015165      8.479134e-6
1.012854e8      0.1135659      0.7480802      -0.105918      0.7480801      -0.2115357      3.077587      1.130582      0.3768417      0.4725351      0.00007310686      5.448739e-6      0.2015189      7.283637e-6
1.043102e8      0.1119064      0.7480898      -0.1059422      0.7480897      -0.2115886      3.077588      1.130583      0.3768444      0.4725455      0.00006344659      4.668747e-6      0.201521      6.240896e-6
1.074252e8      0.1102712      0.7480984      -0.1059641      0.7480983      -0.2116367      3.077589      1.130583      0.3768468      0.4725547      0.00005492309      3.99014e-6      0.2015228      5.333715e-6
1.106333e8      0.1086598      0.748106      -0.1059837      0.748106      -0.2116802      3.07759      1.130584      0.3768489      0.4725628      0.00004742222      3.40129e-6      0.2015244      4.546537e-6
1.139372e8      0.107072      0.7481128      -0.1060012      0.7481127      -0.2117195      3.07759      1.130584      0.3768507      0.4725699      0.00004083871      2.891677e-6      0.2015257      3.865297e-6
1.173398e8      0.1055074      0.7481188      -0.1060168      0.7481187      -0.2117548      3.077591      1.130585      0.3768524      0.4725761      0.00003507607      2.451843e-6      0.2015269      3.277346e-6
1.20844e8      0.1039658      0.748124      -0.1060307      0.748124      -0.2117866      3.077591      1.130585      0.3768538      0.4725815      0.00003004559      2.073264e-6      0.2015279      2.771285e-6
1.244528e8      0.1024467      0.7481287      -0.1060429      0.7481287      -0.2118152      3.077592      1.130586      0.376855      0.4725862      0.00002566625      1.748303e-6      0.2015288      2.336902e-6
1.281694e8      0.1009497      0.7481327      -0.1060537      0.7481327      -0.2118408      3.077592      1.130586      0.3768561      0.4725903      0.00002186429      1.470139e-6      0.2015295      1.965078e-6
1.31997e8      0.09947469      0.7481364      -0.1060635      0.7481365      -0.2118642      3.077593      1.130586      0.3768571      0.4725939      0.00001857317      1.232726e-6      0.2015302      1.647728e-6
1.359389e8      0.0980212      0.7481394      -0.1060718      0.7481392      -0.2118846      3.077593      1.130586      0.3768579      0.4725969      0.00001573211      1.030654e-6      0.2015307      1.377623e-6
1.399985e8      0.09658897      0.7481421      -0.106079      0.7481421      -0.2119028      3.077593      1.130586      0.3768586      0.4725995      0.00001328715      8.591976e-7      0.2015312      1.148442e-6
1.441793e8      0.09517769      0.7481444      -0.1060853      0.7481444      -0.2119192      3.077593      1.130587      0.3768592      0.4726017      0.00001118906      7.141326e-7      0.2015315      9.545385e-7
1.48485e8      0.09378705      0.7481464      -0.1060908      0.7481464      -0.211934      3.077593      1.130587      0.3768597      0.4726037      9.394102e-6      5.917713e-7      0.2015319      7.909833e-7
1.529193e8      0.09241674      0.7481482      -0.1060956      0.7481481      -0.2119472      3.077594      1.130587      0.3768601      0.4726053      7.863151e-6      4.888754e-7      0.2015321      6.534473e-7
1.57486e8      0.09106647      0.7481496      -0.1060997      0.7481496      -0.2119589      3.077594      1.130587      0.3768605      0.4726067      6.561424e-6      4.026172e-7      0.2015324      5.381506e-7
1.621891e8      0.08973594      0.7481509      -0.1061032      0.7481509      -0.2119695      3.077594      1.130587      0.3768608      0.4726079      5.458071e-6      3.305337e-7      0.2015326      4.418009e-7
1.670326e8      0.08842487      0.748152      -0.1061062      0.748152      -0.211979      3.077594      1.130587      0.3768611      0.4726088      4.525839e-6      2.70488e-7      0.2015327      3.615416e-7
1.720208e8      0.08713296      0.7481529      -0.1061088      0.7481529      -0.2119875      3.077594      1.130587      0.3768613      0.4726097      3.740736e-6      2.206321e-7      0.2015329      2.949024e-7
1.771579e8      0.08585995      0.7481537      -0.106111      0.7481537      -0.2119954      3.077594      1.130587      0.3768615      0.4726104      3.081711e-6      1.793727e-7      0.201533      2.397538e-7
1.824485e8      0.08460554      0.7481543      -0.1061128      0.7481543      -0.212002      3.077594      1.130587      0.3768617      0.472611      2.530353e-6      1.453412e-7      0.2015331      1.942663e-7
1.87897e8      0.08336947      0.7481549      -0.1061145      0.7481549      -0.2120091      3.077594      1.130587      0.3768618      0.4726115      2.070639e-6      1.17367e-7      0.2015331      1.568752e-7
1.935083e8      0.08215146      0.7481554      -0.106116      0.7481554      -0.212015      3.077594      1.130587      0.376862      0.472612      1.688645e-6      9.445053e-8      0.2015332      1.262445e-7
1.992871e8      0.08095127      0.7481557      -0.1061167      0.7481558      -0.2120199      3.077594      1.130587      0.376862      0.4726122      1.372341e-6      7.574318e-8      0.2015332      1.012398e-7
2.052385e8      0.07976861      0.7481561      -0.106118      0.7481564      -0.2120253      3.077594      1.130587      0.3768621      0.4726126      1.111354e-6      6.052579e-8      0.2015333      8.089992e-8
2.113677e8      0.07860326      0.7481565      -0.1061191      0.7481567      -0.2120308      3.077594      1.130587      0.3768622      0.4726129      8.967766e-7      4.819145e-8      0.2015334      6.441358e-8
2.176798e8      0.07745494      0.7481566      -0.1061193      0.7481565      -0.2120339      3.077594      1.130587      0.3768622      0.4726129      7.209925e-7      3.823007e-8      0.2015334      5.109903e-8